-44.085126,48.635426,-14.030656
-10.212419,48.635426,5.648323
-8.599433,48.635426,5.967865
-6.986447,48.635426,6.298398
-5.373461,48.635426,6.590698
-3.760475,48.635426,6.827401
-2.147489,48.635426,7.0064
-0.534503,48.635426,7.159835
1.078483,48.635426,7.182332
2.691469,48.635426,7.067467
4.304455,48.635426,6.99113
5.917441,48.635426,6.930713
7.530427,48.635426,6.840846
9.143413,48.635426,6.697908
10.756399,48.635426,6.510559
12.369385,48.635426,6.284183
13.982371,48.635426,6.015772
15.595357,48.635426,5.704962
17.208343,48.635426,5.352622
18.821329,48.635426,4.935508
20.434315,48.635426,4.474229
22.047301,48.635426,3.976582
23.660287,48.635426,3.435706
25.273273,48.635426,2.831278
26.886259,48.635426,2.18108
28.499246,48.635426,1.464819
-44.085126,47.02244,-14.092548
-42.47214,47.02244,-12.324515
-40.859154,47.02244,-10.655982
-39.246168,47.02244,-9.118349
-37.633182,47.02244,-7.677683
-36.020196,47.02244,-6.334964
-34.40721,47.02244,-5.087583
-32.794224,47.02244,-3.928009
-31.181238,47.02244,-2.859678
-29.568251,47.02244,-1.852359
-27.955265,47.02244,-0.925261
-26.342279,47.02244,-0.059218
-24.729293,47.02244,0.762126
-23.116307,47.02244,1.502635
-21.503321,47.02244,2.190565
-19.890335,47.02244,2.84375
-18.277349,47.02244,3.441314
-16.664363,47.02244,3.967824
-15.051377,47.02244,4.448274
-13.438391,47.02244,4.901933
-11.825405,47.02244,5.280222
-10.212419,47.02244,5.590928
-8.599433,47.02244,5.914025
-6.986447,47.02244,6.260058
-5.373461,47.02244,6.57756
-3.760475,47.02244,6.835704
-2.147489,47.02244,7.030972
-0.534503,47.02244,7.20311
1.078483,47.02244,7.241565
2.691469,47.02244,7.103919
4.304455,47.02244,7.031438
5.917441,47.02244,6.985085
7.530427,47.02244,6.896504
9.143413,47.02244,6.746924
10.756399,47.02244,6.552541
12.369385,47.02244,6.326625
13.982371,47.02244,6.058328
15.595357,47.02244,5.744274
17.208343,47.02244,5.382302
18.821329,47.02244,4.967419
20.434315,47.02244,4.503215
22.047301,47.02244,3.982631
23.660287,47.02244,3.433184
25.273273,47.02244,2.822621
26.886259,47.02244,2.170836
28.499246,47.02244,1.453144
30.112232,47.02244,0.681088
31.725218,47.02244,-0.117281
-44.085126,45.409454,-14.190562
-42.47214,45.409454,-12.413785
-40.859154,45.409454,-10.748897
-39.246168,45.409454,-9.199562
-37.633182,45.409454,-7.751861
-36.020196,45.409454,-6.406827
-34.40721,45.409454,-5.167352
-32.794224,45.409454,-4.002283
-31.181238,45.409454,-2.928931
-29.568251,45.409454,-1.918822
-27.955265,45.409454,-0.991356
-26.342279,45.409454,-0.134093
-24.729293,45.409454,0.675181
-23.116307,45.409454,1.421291
-21.503321,45.409454,2.119665
-19.890335,45.409454,2.785301
-18.277349,45.409454,3.392017
-16.664363,45.409454,3.912337
-15.051377,45.409454,4.377196
-13.438391,45.409454,4.821693
-11.825405,45.409454,5.196809
-10.212419,45.409454,5.503542
-8.599433,45.409454,5.827991
-6.986447,45.409454,6.176275
-5.373461,45.409454,6.503951
-3.760475,45.409454,6.776687
-2.147489,45.409454,6.985234
-0.534503,45.409454,7.166346
1.078483,45.409454,7.189241
2.691469,45.409454,7.047504
4.304455,45.409454,6.976222
5.917441,45.409454,6.93126
7.530427,45.409454,6.843407
9.143413,45.409454,6.697415
10.756399,45.409454,6.506132
12.369385,45.409454,6.277424
13.982371,45.409454,6.004568
15.595357,45.409454,5.685835
17.208343,45.409454,5.320719
18.821329,45.409454,4.906693
20.434315,45.409454,4.445656
22.047301,45.409454,3.937659
23.660287,45.409454,3.381501
25.273273,45.409454,2.773583
26.886259,45.409454,2.113281
28.499246,45.409454,1.401141
30.112232,45.409454,0.615979
31.725218,45.409454,-0.186651
-44.085126,43.796468,-14.288817
-42.47214,43.796468,-12.517254
-40.859154,43.796468,-10.849184
-39.246168,43.796468,-9.293321
-37.633182,43.796468,-7.852676
-36.020196,43.796468,-6.50525
-34.40721,43.796468,-5.264633
-32.794224,43.796468,-4.102039
-31.181238,43.796468,-3.03133
-29.568251,43.796468,-2.023984
-27.955265,43.796468,-1.087184
-26.342279,43.796468,-0.23042
-24.729293,43.796468,0.573778
-23.116307,43.796468,1.326619
-21.503321,43.796468,2.026326
-19.890335,43.796468,2.685293
-18.277349,43.796468,3.292132
-16.664363,43.796468,3.815783
-15.051377,43.796468,4.280761
-13.438391,43.796468,4.728112
-11.825405,43.796468,5.1062
-10.212419,43.796468,5.414943
-8.599433,43.796468,5.737049
-6.986447,43.796468,6.077373
-5.373461,43.796468,6.380594
-3.760475,43.796468,6.618639
-2.147489,43.796468,6.812018
-0.534503,43.796468,6.969571
1.078483,43.796468,6.95808
2.691469,43.796468,6.90976
4.304455,43.796468,6.882328
5.917441,43.796468,6.840751
7.530427,43.796468,6.74782
9.143413,43.796468,6.600555
10.756399,43.796468,6.412336
12.369385,43.796468,6.186952
13.982371,43.796468,5.913805
15.595357,43.796468,5.591374
17.208343,43.796468,5.221983
18.821329,43.796468,4.807938
20.434315,43.796468,4.349336
22.047301,43.796468,3.842896
23.660287,43.796468,3.283308
25.273273,43.796468,2.673733
26.886259,43.796468,2.014186
28.499246,43.796468,1.305677
30.112232,43.796468,0.519943
31.725218,43.796468,-0.288566
-44.085126,42.183482,-14.374635
-42.47214,42.183482,-12.603675
-40.859154,42.183482,-10.940435
-39.246168,42.183482,-9.389393
-37.633182,42.183482,-7.964649
-36.020196,42.183482,-6.619234
-34.40721,42.183482,-5.373418
-32.794224,42.183482,-4.212114
-31.181238,42.183482,-3.141048
-29.568251,42.183482,-2.131891
-27.955265,42.183482,-1.188676
-26.342279,42.183482,-0.328577
-24.729293,42.183482,0.474745
-23.116307,42.183482,1.233515
-21.503321,42.183482,1.930239
-19.890335,42.183482,2.577813
-18.277349,42.183482,3.182848
-16.664363,42.183482,3.711933
-15.051377,42.183482,4.181784
-13.438391,42.183482,4.629579
-11.825405,42.183482,5.003606
-10.212419,42.183482,5.309848
-8.599433,42.183482,5.632225
-6.986447,42.183482,5.969416
-5.373461,42.183482,6.250717
-3.760475,42.183482,6.452122
-2.147489,42.183482,6.623332
-0.534503,42.183482,6.748996
1.078483,42.183482,6.776022
2.691469,42.183482,6.778909
4.304455,42.183482,6.775859
5.917441,42.183482,6.737187
7.530427,42.183482,6.639775
9.143413,42.183482,6.487616
10.756399,42.183482,6.298635
12.369385,42.183482,6.078066
13.982371,42.183482,5.807723
15.595357,42.183482,5.484808
17.208343,42.183482,5.115051
18.821329,42.183482,4.701978
20.434315,42.183482,4.242485
22.047301,42.183482,3.733716
23.660287,42.183482,3.172531
25.273273,42.183482,2.560393
26.886259,42.183482,1.898179
28.499246,42.183482,1.18748
30.112232,42.183482,0.405545
31.725218,42.183482,-0.40208
-44.085126,40.570496,-14.467215
-42.47214,40.570496,-12.708568
-40.859154,40.570496,-11.044065
-39.246168,40.570496,-9.502022
-37.633182,40.570496,-8.076175
-36.020196,40.570496,-6.728146
-34.40721,40.570496,-5.479933
-32.794224,40.570496,-4.319189
-31.181238,40.570496,-3.247857
-29.568251,40.570496,-2.232974
-27.955265,40.570496,-1.290529
-26.342279,40.570496,-0.433521
-24.729293,40.570496,0.370512
-23.116307,40.570496,1.131725
-21.503321,40.570496,1.828435
-19.890335,40.570496,2.474064
-18.277349,40.570496,3.076413
-16.664363,40.570496,3.608414
-15.051377,40.570496,4.081666
-13.438391,40.570496,4.523912
-11.825405,40.570496,4.893446
-10.212419,40.570496,5.206262
-8.599433,40.570496,5.532292
-6.986447,40.570496,5.867504
-5.373461,40.570496,6.145977
-3.760475,40.570496,6.348452
-2.147489,40.570496,6.514229
-0.534503,40.570496,6.615448
1.078483,40.570496,6.650674
2.691469,40.570496,6.674909
4.304455,40.570496,6.674065
5.917441,40.570496,6.62706
7.530427,40.570496,6.526748
9.143413,40.570496,6.373956
10.756399,40.570496,6.183085
12.369385,40.570496,5.963251
13.982371,40.570496,5.694203
15.595357,40.570496,5.372185
17.208343,40.570496,5.006128
18.821329,40.570496,4.595266
20.434315,40.570496,4.134427
22.047301,40.570496,3.622976
23.660287,40.570496,3.064236
25.273273,40.570496,2.453364
26.886259,40.570496,1.790779
28.499246,40.570496,1.076039
30.112232,40.570496,0.29845
31.725218,40.570496,-0.505841
-42.47214,38.95751,-12.813011
-40.859154,38.95751,-11.158314
-39.246168,38.95751,-9.605575
-37.633182,38.95751,-8.162263
-36.020196,38.95751,-6.81489
-34.40721,38.95751,-5.579743
-32.794224,38.95751,-4.420104
-31.181238,38.95751,-3.34907
-29.568251,38.95751,-2.335128
-27.955265,38.95751,-1.402243
-26.342279,38.95751,-0.548863
-24.729293,38.95751,0.261717
-23.116307,38.95751,1.027205
-21.503321,38.95751,1.729678
-19.890335,38.95751,2.377746
-18.277349,38.95751,2.972
-16.664363,38.95751,3.496642
-15.051377,38.95751,3.972209
-13.438391,38.95751,4.416804
-11.825405,38.95751,4.788597
-10.212419,38.95751,5.109058
-8.599433,38.95751,5.439403
-6.986447,38.95751,5.76723
-5.373461,38.95751,6.03699
-3.760475,38.95751,6.240845
-2.147489,38.95751,6.401452
-0.534503,38.95751,6.493576
1.078483,38.95751,6.544182
2.691469,38.95751,6.581547
4.304455,38.95751,6.576054
5.917441,38.95751,6.516606
7.530427,38.95751,6.412971
9.143413,38.95751,6.264295
10.756399,38.95751,6.074173
12.369385,38.95751,5.852211
13.982371,38.95751,5.581501
15.595357,38.95751,5.25784
17.208343,38.95751,4.892075
18.821329,38.95751,4.48316
20.434315,38.95751,4.023775
22.047301,38.95751,3.512431
23.660287,38.95751,2.953976
25.273273,38.95751,2.342333
26.886259,38.95751,1.67812
28.499246,38.95751,0.960793
30.112232,38.95751,0.183341
31.725218,38.95751,-0.624064
-42.47214,37.344524,-12.908793
-40.859154,37.344524,-11.264761
-39.246168,37.344524,-9.701734
-37.633182,37.344524,-8.245136
-36.020196,37.344524,-6.904452
-34.40721,37.344524,-5.677587
-32.794224,37.344524,-4.517138
-31.181238,37.344524,-3.443696
-29.568251,37.344524,-2.435603
-27.955265,37.344524,-1.509752
-26.342279,37.344524,-0.653532
-24.729293,37.344524,0.160413
-23.116307,37.344524,0.92011
-21.503321,37.344524,1.625752
-19.890335,37.344524,2.280647
-18.277349,37.344524,2.870048
-16.664363,37.344524,3.387903
-15.051377,37.344524,3.868159
-13.438391,37.344524,4.318755
-11.825405,37.344524,4.685001
-10.212419,37.344524,5.001559
-8.599433,37.344524,5.338669
-6.986447,37.344524,5.66935
-5.373461,37.344524,5.935884
-3.760475,37.344524,6.134561
-2.147489,37.344524,6.289832
-0.534503,37.344524,6.390052
1.078483,37.344524,6.455282
2.691469,37.344524,6.494806
4.304455,37.344524,6.481273
5.917441,37.344524,6.413033
7.530427,37.344524,6.308294
9.143413,37.344524,6.162965
10.756399,37.344524,5.973257
12.369385,37.344524,5.748535
13.982371,37.344524,5.475511
15.595357,37.344524,5.149046
17.208343,37.344524,4.779923
18.821329,37.344524,4.370603
20.434315,37.344524,3.913083
22.047301,37.344524,3.404038
23.660287,37.344524,2.845131
25.273273,37.344524,2.232747
26.886259,37.344524,1.567752
28.499246,37.344524,0.849764
30.112232,37.344524,0.071113
31.725218,37.344524,-0.743236
-42.47214,35.731538,-13.006965
-40.859154,35.731538,-11.371906
-39.246168,35.731538,-9.810156
-37.633182,35.731538,-8.351078
-36.020196,35.731538,-7.012226
-34.40721,35.731538,-5.780693
-32.794224,35.731538,-4.61557
-31.181238,35.731538,-3.540139
-29.568251,35.731538,-2.536919
-27.955265,35.731538,-1.610968
-26.342279,35.731538,-0.749328
-24.729293,35.731538,0.061108
-23.116307,35.731538,0.808512
-21.503321,35.731538,1.513737
-19.890335,35.731538,2.1769
-18.277349,35.731538,2.76799
-16.664363,35.731538,3.286512
-15.051377,35.731538,3.775348
-13.438391,35.731538,4.230093
-11.825405,35.731538,4.585717
-10.212419,35.731538,4.891666
-8.599433,35.731538,5.226581
-6.986447,35.731538,5.558662
-5.373461,35.731538,5.831063
-3.760475,35.731538,6.033894
-2.147489,35.731538,6.199195
-0.534503,35.731538,6.310419
1.078483,35.731538,6.361499
2.691469,35.731538,6.382424
4.304455,35.731538,6.366918
5.917441,35.731538,6.304623
7.530427,35.731538,6.20088
9.143413,35.731538,6.05504
10.756399,35.731538,5.864723
12.369385,35.731538,5.639298
13.982371,35.731538,5.368461
15.595357,35.731538,5.044946
17.208343,35.731538,4.675268
18.821329,35.731538,4.263019
20.434315,35.731538,3.804005
22.047301,35.731538,3.296008
23.660287,35.731538,2.737322
25.273273,35.731538,2.125512
26.886259,35.731538,1.461034
28.499246,35.731538,0.742275
30.112232,35.731538,-0.036467
31.725218,35.731538,-0.853614
-42.47214,34.118552,-13.113106
-40.859154,34.118552,-11.462364
-39.246168,34.118552,-9.910471
-37.633182,34.118552,-8.45558
-36.020196,34.118552,-7.119378
-34.40721,34.118552,-5.887175
-32.794224,34.118552,-4.721996
-31.181238,34.118552,-3.649391
-29.568251,34.118552,-2.649108
-27.955265,34.118552,-1.716659
-26.342279,34.118552,-0.849492
-24.729293,34.118552,-0.040573
-23.116307,34.118552,0.70263
-21.503321,34.118552,1.40586
-19.890335,34.118552,2.075141
-18.277349,34.118552,2.672826
-16.664363,34.118552,3.192688
-15.051377,34.118552,3.682162
-13.438391,34.118552,4.134312
-11.825405,34.118552,4.486607
-10.212419,34.118552,4.788591
-8.599433,34.118552,5.115877
-6.986447,34.118552,5.443085
-5.373461,34.118552,5.720011
-3.760475,34.118552,5.932398
-2.147489,34.118552,6.126359
-0.534503,34.118552,6.256706
1.078483,34.118552,6.271161
2.691469,34.118552,6.258745
4.304455,34.118552,6.243129
5.917441,34.118552,6.190448
7.530427,34.118552,6.08433
9.143413,34.118552,5.936758
10.756399,34.118552,5.74615
12.369385,34.118552,5.521708
13.982371,34.118552,5.255916
15.595357,34.118552,4.938663
17.208343,34.118552,4.568719
18.821329,34.118552,4.150491
20.434315,34.118552,3.686844
22.047301,34.118552,3.18062
23.660287,34.118552,2.62623
25.273273,34.118552,2.016539
26.886259,34.118552,1.349397
28.499246,34.118552,0.62626
30.112232,34.118552,-0.153064
31.725218,34.118552,-0.972912
-44.085126,32.505566,-14.979472
-42.47214,32.505566,-13.208346
-40.859154,32.505566,-11.540517
-39.246168,32.505566,-10.00473
-37.633182,32.505566,-8.551292
-36.020196,32.505566,-7.217465
-34.40721,32.505566,-5.990651
-32.794224,32.505566,-4.825091
-31.181238,32.505566,-3.754751
-29.568251,32.505566,-2.756707
-27.955265,32.505566,-1.820718
-26.342279,32.505566,-0.954058
-24.729293,32.505566,-0.145051
-23.116307,32.505566,0.603086
-21.503321,32.505566,1.30261
-19.890335,32.505566,1.974129
-18.277349,32.505566,2.577461
-16.664363,32.505566,3.096413
-15.051377,32.505566,3.577769
-13.438391,32.505566,4.023088
-11.825405,32.505566,4.377273
-10.212419,32.505566,4.685016
-8.599433,32.505566,5.013166
-6.986447,32.505566,5.342237
-5.373461,32.505566,5.614417
-3.760475,32.505566,5.81954
-2.147489,32.505566,6.037766
-0.534503,32.505566,6.196574
1.078483,32.505566,6.186657
2.691469,32.505566,6.148898
4.304455,32.505566,6.135035
5.917441,32.505566,6.088445
7.530427,32.505566,5.980978
9.143413,32.505566,5.832256
10.756399,32.505566,5.639815
12.369385,32.505566,5.414078
13.982371,32.505566,5.149338
15.595357,32.505566,4.833144
17.208343,32.505566,4.459287
18.821329,32.505566,4.034132
20.434315,32.505566,3.566044
22.047301,32.505566,3.063511
23.660287,32.505566,2.51702
25.273273,32.505566,1.911881
26.886259,32.505566,1.241236
28.499246,32.505566,0.513523
30.112232,32.505566,-0.267659
31.725218,32.505566,-1.089669
-44.085126,30.89258,-15.089948
-42.47214,30.89258,-13.29837
-40.859154,30.89258,-11.637227
-39.246168,30.89258,-10.115234
-37.633182,30.89258,-8.659908
-36.020196,30.89258,-7.320167
-34.40721,30.89258,-6.091468
-32.794224,30.89258,-4.923192
-31.181238,30.89258,-3.853804
-29.568251,30.89258,-2.857647
-27.955265,30.89258,-1.923585
-26.342279,30.89258,-1.059827
-24.729293,30.89258,-0.247673
-23.116307,30.89258,0.505436
-21.503321,30.89258,1.200658
-19.890335,30.89258,1.867775
-18.277349,30.89258,2.469876
-16.664363,30.89258,2.985469
-15.051377,30.89258,3.460001
-13.438391,30.89258,3.906298
-11.825405,30.89258,4.269627
-10.212419,30.89258,4.582068
-8.599433,30.89258,4.912243
-6.986447,30.89258,5.245143
-5.373461,30.89258,5.509545
-3.760475,30.89258,5.698325
-2.147489,30.89258,5.912494
-0.534503,30.89258,6.081955
1.078483,30.89258,6.076461
2.691469,30.89258,6.032794
4.304455,30.89258,6.022824
5.917441,30.89258,5.984118
7.530427,30.89258,5.885355
9.143413,30.89258,5.741013
10.756399,30.89258,5.546556
12.369385,30.89258,5.316442
13.982371,30.89258,5.048231
15.595357,30.89258,4.728231
17.208343,30.89258,4.352303
18.821329,30.89258,3.925502
20.434315,30.89258,3.455384
22.047301,30.89258,2.950392
23.660287,30.89258,2.402148
25.273273,30.89258,1.795644
26.886259,30.89258,1.122334
28.499246,30.89258,0.393427
30.112232,30.89258,-0.386028
31.725218,30.89258,-1.211681
-44.085126,29.279594,-15.19586
-42.47214,29.279594,-13.415914
-40.859154,29.279594,-11.745587
-39.246168,29.279594,-10.22429
-37.633182,29.279594,-8.771009
-36.020196,29.279594,-7.426891
-34.40721,29.279594,-6.190855
-32.794224,29.279594,-5.026988
-31.181238,29.279594,-3.961606
-29.568251,29.279594,-2.96665
-27.955265,29.279594,-2.034615
-26.342279,29.279594,-1.166084
-24.729293,29.279594,-0.347724
-23.116307,29.279594,0.404797
-21.503321,29.279594,1.097766
-19.890335,29.279594,1.762688
-18.277349,29.279594,2.362944
-16.664363,29.279594,2.877809
-15.051377,29.279594,3.346405
-13.438391,29.279594,3.794133
-11.825405,29.279594,4.165685
-10.212419,29.279594,4.478698
-8.599433,29.279594,4.807067
-6.986447,29.279594,5.142616
-5.373461,29.279594,5.401651
-3.760475,29.279594,5.580001
-2.147489,29.279594,5.784287
-0.534503,29.279594,5.948966
1.078483,29.279594,5.955737
2.691469,29.279594,5.911911
4.304455,29.279594,5.898117
5.917441,29.279594,5.858906
7.530427,29.279594,5.767333
9.143413,29.279594,5.626452
10.756399,29.279594,5.432726
12.369385,29.279594,5.201356
13.982371,29.279594,4.932181
15.595357,29.279594,4.609504
17.208343,29.279594,4.238705
18.821329,29.279594,3.818379
20.434315,29.279594,3.350554
22.047301,29.279594,2.83842
23.660287,29.279594,2.281673
25.273273,29.279594,1.67091
26.886259,29.279594,0.998606
28.499246,29.279594,0.273374
30.112232,29.279594,-0.501864
31.725218,29.279594,-1.338661
-44.085126,27.666608,-15.285366
-42.47214,27.666608,-13.527431
-40.859154,27.666608,-11.849224
-39.246168,27.666608,-10.328612
-37.633182,27.666608,-8.88269
-36.020196,27.666608,-7.538556
-34.40721,27.666608,-6.300841
-32.794224,27.666608,-5.139274
-31.181238,27.666608,-4.073001
-29.568251,27.666608,-3.074216
-27.955265,27.666608,-2.143555
-26.342279,27.666608,-1.27334
-24.729293,27.666608,-0.455732
-23.116307,27.666608,0.290984
-21.503321,27.666608,0.98678
-19.890335,27.666608,1.657471
-18.277349,27.666608,2.260291
-16.664363,27.666608,2.777182
-15.051377,27.666608,3.241387
-13.438391,27.666608,3.682503
-11.825405,27.666608,4.058837
-10.212419,27.666608,4.37291
-8.599433,27.666608,4.697236
-6.986447,27.666608,5.03251
-5.373461,27.666608,5.285951
-3.760475,27.666608,5.45945
-2.147489,27.666608,5.650589
-0.534503,27.666608,5.79841
1.078483,27.666608,5.82337
2.691469,27.666608,5.799623
4.304455,27.666608,5.790778
5.917441,27.666608,5.740715
7.530427,27.666608,5.644807
9.143413,27.666608,5.501866
10.756399,27.666608,5.309483
12.369385,27.666608,5.07855
13.982371,27.666608,4.809125
15.595357,27.666608,4.48378
17.208343,27.666608,4.117649
18.821329,27.666608,3.704181
20.434315,27.666608,3.240986
22.047301,27.666608,2.727251
23.660287,27.666608,2.166775
25.273273,27.666608,1.554603
26.886259,27.666608,0.884537
28.499246,27.666608,0.16323
30.112232,27.666608,-0.609323
31.725218,27.666608,-1.459379
-42.47214,26.053622,-13.633728
-40.859154,26.053622,-11.951599
-39.246168,26.053622,-10.438222
-37.633182,26.053622,-8.994771
-36.020196,26.053622,-7.643303
-34.40721,26.053622,-6.407463
-32.794224,26.053622,-5.24628
-31.181238,26.053622,-4.177265
-29.568251,26.053622,-3.175086
-27.955265,26.053622,-2.24791
-26.342279,26.053622,-1.381807
-24.729293,26.053622,-0.568225
-23.116307,26.053622,0.176245
-21.503321,26.053622,0.877001
-19.890335,26.053622,1.549437
-18.277349,26.053622,2.147058
-16.664363,26.053622,2.665288
-15.051377,26.053622,3.12743
-13.438391,26.053622,3.566135
-11.825405,26.053622,3.952816
-10.212419,26.053622,4.269908
-8.599433,26.053622,4.589232
-6.986447,26.053622,4.91929
-5.373461,26.053622,5.171921
-3.760475,26.053622,5.348458
-2.147489,26.053622,5.518559
-0.534503,26.053622,5.625873
1.078483,26.053622,5.659538
2.691469,26.053622,5.678496
4.304455,26.053622,5.694916
5.917441,26.053622,5.630488
7.530427,26.053622,5.528476
9.143413,26.053622,5.386587
10.756399,26.053622,5.199175
12.369385,26.053622,4.970297
13.982371,26.053622,4.698921
15.595357,26.053622,4.368191
17.208343,26.053622,3.998636
18.821329,26.053622,3.584756
20.434315,26.053622,3.123622
22.047301,26.053622,2.613917
23.660287,26.053622,2.053988
25.273273,26.053622,1.441312
26.886259,26.053622,0.771591
28.499246,26.053622,0.051651
30.112232,26.053622,-0.718881
31.725218,26.053622,-1.57311
-42.47214,24.440636,-13.746255
-40.859154,24.440636,-12.065037
-39.246168,24.440636,-10.551645
-37.633182,24.440636,-9.099859
-36.020196,24.440636,-7.737737
-34.40721,24.440636,-6.505766
-32.794224,24.440636,-5.347946
-31.181238,24.440636,-4.278805
-29.568251,24.440636,-3.276253
-27.955265,24.440636,-2.351594
-26.342279,24.440636,-1.486749
-24.729293,24.440636,-0.676368
-23.116307,24.440636,0.067555
-21.503321,24.440636,0.771958
-19.890335,24.440636,1.437954
-18.277349,24.440636,2.026955
-16.664363,24.440636,2.544641
-15.051377,24.440636,3.004501
-13.438391,24.440636,3.446122
-11.825405,24.440636,3.843298
-10.212419,24.440636,4.163265
-8.599433,24.440636,4.480908
-6.986447,24.440636,4.808414
-5.373461,24.440636,5.066453
-3.760475,24.440636,5.250409
-2.147489,24.440636,5.396393
-0.534503,24.440636,5.467967
1.078483,24.440636,5.504689
2.691469,24.440636,5.562085
4.304455,24.440636,5.597777
5.917441,24.440636,5.52425
7.530427,24.440636,5.413529
9.143413,24.440636,5.268945
10.756399,24.440636,5.084103
12.369385,24.440636,4.857963
13.982371,24.440636,4.587732
15.595357,24.440636,4.25529
17.208343,24.440636,3.879418
18.821329,24.440636,3.460903
20.434315,24.440636,2.999913
22.047301,24.440636,2.495442
23.660287,24.440636,1.937869
25.273273,24.440636,1.325147
26.886259,24.440636,0.654618
28.499246,24.440636,-0.065896
30.112232,24.440636,-0.835167
31.725218,24.440636,-1.687439
-42.47214,22.82765,-13.861031
-40.859154,22.82765,-12.196148
-39.246168,22.82765,-10.669816
-37.633182,22.82765,-9.210368
-36.020196,22.82765,-7.848087
-34.40721,22.82765,-6.613277
-32.794224,22.82765,-5.459795
-31.181238,22.82765,-4.389956
-29.568251,22.82765,-3.3887
-27.955265,22.82765,-2.461848
-26.342279,22.82765,-1.589591
-24.729293,22.82765,-0.782277
-23.116307,22.82765,-0.04466
-21.503321,22.82765,0.658124
-19.890335,22.82765,1.321782
-18.277349,22.82765,1.913899
-16.664363,22.82765,2.435377
-15.051377,22.82765,2.889839
-13.438391,22.82765,3.329505
-11.825405,22.82765,3.730969
-10.212419,22.82765,4.054178
-8.599433,22.82765,4.372154
-6.986447,22.82765,4.698833
-5.373461,22.82765,4.958123
-3.760475,22.82765,5.144854
-2.147489,22.82765,5.27926
-0.534503,22.82765,5.339868
1.078483,22.82765,5.372523
2.691469,22.82765,5.437561
4.304455,22.82765,5.486354
5.917441,22.82765,5.421336
7.530427,22.82765,5.308908
9.143413,22.82765,5.15689
10.756399,22.82765,4.965075
12.369385,22.82765,4.735344
13.982371,22.82765,4.467446
15.595357,22.82765,4.139403
17.208343,22.82765,3.761279
18.821329,22.82765,3.339439
20.434315,22.82765,2.878048
22.047301,22.82765,2.375168
23.660287,22.82765,1.817469
25.273273,22.82765,1.202612
26.886259,22.82765,0.530005
28.499246,22.82765,-0.191932
30.112232,22.82765,-0.960185
31.725218,22.82765,-1.808297
-42.47214,21.214664,-13.959961
-40.859154,21.214664,-12.302096
-39.246168,21.214664,-10.772893
-37.633182,21.214664,-9.324901
-36.020196,21.214664,-7.975743
-34.40721,21.214664,-6.726859
-32.794224,21.214664,-5.568812
-31.181238,21.214664,-4.49862
-29.568251,21.214664,-3.504602
-27.955265,21.214664,-2.576779
-26.342279,21.214664,-1.695813
-24.729293,21.214664,-0.889593
-23.116307,21.214664,-0.156455
-21.503321,21.214664,0.545621
-19.890335,21.214664,1.211217
-18.277349,21.214664,1.809949
-16.664363,21.214664,2.336271
-15.051377,21.214664,2.787079
-13.438391,21.214664,3.220366
-11.825405,21.214664,3.617856
-10.212419,21.214664,3.945673
-8.599433,21.214664,4.268699
-6.986447,21.214664,4.596419
-5.373461,21.214664,4.85702
-3.760475,21.214664,5.042964
-2.147489,21.214664,5.176026
-0.534503,21.214664,5.236687
1.078483,21.214664,5.259246
2.691469,21.214664,5.310198
4.304455,21.214664,5.358762
5.917441,21.214664,5.307269
7.530427,21.214664,5.202233
9.143413,21.214664,5.047171
10.756399,21.214664,4.847213
12.369385,21.214664,4.610355
13.982371,21.214664,4.343132
15.595357,21.214664,4.022554
17.208343,21.214664,3.649643
18.821329,21.214664,3.229344
20.434315,21.214664,2.766343
22.047301,21.214664,2.258398
23.660287,21.214664,1.695995
25.273273,21.214664,1.077673
26.886259,21.214664,0.404469
28.499246,21.214664,-0.317584
30.112232,21.214664,-1.085032
31.725218,21.214664,-1.930391
-42.47214,19.601678,-14.049451
-40.859154,19.601678,-12.389363
-39.246168,19.601678,-10.856394
-37.633182,19.601678,-9.428059
-36.020196,19.601678,-8.090158
-34.40721,19.601678,-6.840672
-32.794224,19.601678,-5.673826
-31.181238,19.601678,-4.600508
-29.568251,19.601678,-3.6087
-27.955265,19.601678,-2.682723
-26.342279,19.601678,-1.803431
-24.729293,19.601678,-0.99742
-23.116307,19.601678,-0.262149
-21.503321,19.601678,0.442211
-19.890335,19.601678,1.109508
-18.277349,19.601678,1.707673
-16.664363,19.601678,2.235786
-15.051377,19.601678,2.691734
-13.438391,19.601678,3.123664
-11.825405,19.601678,3.51031
-10.212419,19.601678,3.836528
-8.599433,19.601678,4.16258
-6.986447,19.601678,4.489865
-5.373461,19.601678,4.754797
-3.760475,19.601678,4.944678
-2.147489,19.601678,5.080364
-0.534503,19.601678,5.146127
1.078483,19.601678,5.165594
2.691469,19.601678,5.203872
4.304455,19.601678,5.240203
5.917441,19.601678,5.187823
7.530427,19.601678,5.08623
9.143413,19.601678,4.931422
10.756399,19.601678,4.728892
12.369385,19.601678,4.488747
13.982371,19.601678,4.221874
15.595357,19.601678,3.907941
17.208343,19.601678,3.541997
18.821329,19.601678,3.125609
20.434315,19.601678,2.662416
22.047301,19.601678,2.148839
23.660287,19.601678,1.582082
25.273273,19.601678,0.962397
26.886259,19.601678,0.29039
28.499246,19.601678,-0.431816
30.112232,19.601678,-1.201772
31.725218,19.601678,-2.047982
33.338204,19.601678,-2.912319
-44.085126,17.988692,-15.931459
-42.47214,17.988692,-14.160509
-40.859154,17.988692,-12.50067
-39.246168,17.988692,-10.951517
-37.633182,17.988692,-9.513135
-36.020196,17.988692,-8.18506
-34.40721,17.988692,-6.948114
-32.794224,17.988692,-5.778349
-31.181238,17.988692,-4.703713
-29.568251,17.988692,-3.708122
-27.955265,17.988692,-2.781429
-26.342279,17.988692,-1.91081
-24.729293,17.988692,-1.105455
-23.116307,17.988692,-0.364083
-21.503321,17.988692,0.33993
-19.890335,17.988692,1.004391
-18.277349,17.988692,1.59756
-16.664363,17.988692,2.12589
-15.051377,17.988692,2.58928
-13.438391,17.988692,3.026082
-11.825405,17.988692,3.411061
-10.212419,17.988692,3.731866
-8.599433,17.988692,4.048548
-6.986447,17.988692,4.370059
-5.373461,17.988692,4.638633
-3.760475,17.988692,4.835012
-2.147489,17.988692,4.973766
-0.534503,17.988692,5.043333
1.078483,17.988692,5.062758
2.691469,17.988692,5.097517
4.304455,17.988692,5.128601
5.917441,17.988692,5.075371
7.530427,17.988692,4.978344
9.143413,17.988692,4.828531
10.756399,17.988692,4.627176
12.369385,17.988692,4.383931
13.982371,17.988692,4.114196
15.595357,17.988692,3.797767
17.208343,17.988692,3.431833
18.821329,17.988692,3.017513
20.434315,17.988692,2.558049
22.047301,17.988692,2.042742
23.660287,17.988692,1.474185
25.273273,17.988692,0.855058
26.886259,17.988692,0.18584
28.499246,17.988692,-0.535505
30.112232,17.988692,-1.309024
31.725218,17.988692,-2.160242
33.338204,17.988692,-3.033567
-44.085126,16.375706,-16.033339
-42.47214,16.375706,-14.258066
-40.859154,16.375706,-12.610572
-39.246168,16.375706,-11.060309
-37.633182,16.375706,-9.609237
-36.020196,16.375706,-8.278817
-34.40721,16.375706,-7.047367
-32.794224,16.375706,-5.88485
-31.181238,16.375706,-4.814767
-29.568251,16.375706,-3.815324
-27.955265,16.375706,-2.888452
-26.342279,16.375706,-2.023564
-24.729293,16.375706,-1.213456
-23.116307,16.375706,-0.461493
-21.503321,16.375706,0.2415
-19.890335,16.375706,0.899733
-18.277349,16.375706,1.489503
-16.664363,16.375706,2.016192
-15.051377,16.375706,2.477723
-13.438391,16.375706,2.915506
-11.825405,16.375706,3.308996
-10.212419,16.375706,3.633314
-8.599433,16.375706,3.94274
-6.986447,16.375706,4.256944
-5.373461,16.375706,4.525263
-3.760475,16.375706,4.72665
-2.147489,16.375706,4.867921
-0.534503,16.375706,4.938237
1.078483,16.375706,4.957099
2.691469,16.375706,4.994233
4.304455,16.375706,5.022469
5.917441,16.375706,4.966588
7.530427,16.375706,4.872584
9.143413,16.375706,4.729387
10.756399,16.375706,4.533588
12.369385,16.375706,4.291567
13.982371,16.375706,4.016864
15.595357,16.375706,3.693057
17.208343,16.375706,3.322974
18.821329,16.375706,2.908586
20.434315,16.375706,2.451749
22.047301,16.375706,1.936222
23.660287,16.375706,1.367239
25.273273,16.375706,0.749522
26.886259,16.375706,0.082216
28.499246,16.375706,-0.63864
30.112232,16.375706,-1.414738
31.725218,16.375706,-2.270501
33.338204,16.375706,-3.152096
-42.47214,14.76272,-14.343593
-40.859154,14.76272,-12.710384
-39.246168,14.76272,-11.169832
-37.633182,14.76272,-9.728754
-36.020196,14.76272,-8.392717
-34.40721,14.76272,-7.15692
-32.794224,14.76272,-5.999969
-31.181238,14.76272,-4.926205
-29.568251,14.76272,-3.920374
-27.955265,14.76272,-2.995704
-26.342279,14.76272,-2.137095
-24.729293,14.76272,-1.326511
-23.116307,14.76272,-0.569333
-21.503321,14.76272,0.133398
-19.890335,14.76272,0.791025
-18.277349,14.76272,1.382699
-16.664363,14.76272,1.907567
-15.051377,14.76272,2.364468
-13.438391,14.76272,2.799884
-11.825405,14.76272,3.202666
-10.212419,14.76272,3.534704
-8.599433,14.76272,3.845456
-6.986447,14.76272,4.156901
-5.373461,14.76272,4.423737
-3.760475,14.76272,4.626617
-2.147489,14.76272,4.765498
-0.534503,14.76272,4.831509
1.078483,14.76272,4.851578
2.691469,14.76272,4.900954
4.304455,14.76272,4.92497
5.917441,14.76272,4.860115
7.530427,14.76272,4.757424
9.143413,14.76272,4.612566
10.756399,14.76272,4.422465
12.369385,14.76272,4.189835
13.982371,14.76272,3.915575
15.595357,14.76272,3.589501
17.208343,14.76272,3.216633
18.821329,14.76272,2.799373
20.434315,14.76272,2.337554
22.047301,14.76272,1.821418
23.660287,14.76272,1.254029
25.273273,14.76272,0.639104
26.886259,14.76272,-0.029069
28.499246,14.76272,-0.7516
30.112232,14.76272,-1.529044
31.725218,14.76272,-2.382059
33.338204,14.76272,-3.264919
-42.47214,13.149734,-14.454586
-40.859154,13.149734,-12.80517
-39.246168,13.149734,-11.268202
-37.633182,13.149734,-9.841942
-36.020196,13.149734,-8.504062
-34.40721,13.149734,-7.262681
-32.794224,13.149734,-6.106656
-31.181238,13.149734,-5.032192
-29.568251,13.149734,-4.024879
-27.955265,13.149734,-3.098065
-26.342279,13.149734,-2.240498
-24.729293,13.149734,-1.430959
-23.116307,13.149734,-0.678328
-21.503321,13.149734,0.023977
-19.890335,13.149734,0.684926
-18.277349,13.149734,1.27614
-16.664363,13.149734,1.799362
-15.051377,13.149734,2.259149
-13.438391,13.149734,2.696807
-11.825405,13.149734,3.098931
-10.212419,13.149734,3.429008
-8.599433,13.149734,3.742956
-6.986447,13.149734,4.062112
-5.373461,13.149734,4.333405
-3.760475,13.149734,4.533367
-2.147489,13.149734,4.663893
-0.534503,13.149734,4.72253
1.078483,13.149734,4.739906
2.691469,13.149734,4.796083
4.304455,13.149734,4.820294
5.917441,13.149734,4.760902
7.530427,13.149734,4.656073
9.143413,13.149734,4.503911
10.756399,13.149734,4.307293
12.369385,13.149734,4.076383
13.982371,13.149734,3.804968
15.595357,13.149734,3.481882
17.208343,13.149734,3.10851
18.821329,13.149734,2.686667
20.434315,13.149734,2.217171
22.047301,13.149734,1.699341
23.660287,13.149734,1.13378
25.273273,13.149734,0.52162
26.886259,13.149734,-0.146669
28.499246,13.149734,-0.870091
30.112232,13.149734,-1.647961
31.725218,13.149734,-2.4955
33.338204,13.149734,-3.376997
-44.085126,11.536748,-16.359737
-42.47214,11.536748,-14.561876
-40.859154,11.536748,-12.904497
-39.246168,11.536748,-11.368244
-37.633182,11.536748,-9.940018
-36.020196,11.536748,-8.599211
-34.40721,11.536748,-7.354911
-32.794224,11.536748,-6.195053
-31.181238,11.536748,-5.130351
-29.568251,11.536748,-4.131422
-27.955265,11.536748,-3.199982
-26.342279,11.536748,-2.333233
-24.729293,11.536748,-1.51805
-23.116307,11.536748,-0.771707
-21.503321,11.536748,-0.074762
-19.890335,11.536748,0.58547
-18.277349,11.536748,1.176046
-16.664363,11.536748,1.700258
-15.051377,11.536748,2.16558
-13.438391,11.536748,2.602417
-11.825405,11.536748,2.993218
-10.212419,11.536748,3.313425
-8.599433,11.536748,3.630582
-6.986447,11.536748,3.960286
-5.373461,11.536748,4.233393
-3.760475,11.536748,4.426599
-2.147489,11.536748,4.551438
-0.534503,11.536748,4.609758
1.078483,11.536748,4.628743
2.691469,11.536748,4.683212
4.304455,11.536748,4.70851
5.917441,11.536748,4.66163
7.530427,11.536748,4.56404
9.143413,11.536748,4.410039
10.756399,11.536748,4.204768
12.369385,11.536748,3.968259
13.982371,11.536748,3.694862
15.595357,11.536748,3.372957
17.208343,11.536748,3.000162
18.821329,11.536748,2.576748
20.434315,11.536748,2.105495
22.047301,11.536748,1.588372
23.660287,11.536748,1.024754
25.273273,11.536748,0.413116
26.886259,11.536748,-0.257
28.499246,11.536748,-0.983608
30.112232,11.536748,-1.764398
31.725218,11.536748,-2.611576
33.338204,11.536748,-3.49718
-44.085126,9.923762,-16.465331
-42.47214,9.923762,-14.667513
-40.859154,9.923762,-13.014008
-39.246168,9.923762,-11.473119
-37.633182,9.923762,-10.042011
-36.020196,9.923762,-8.702876
-34.40721,9.923762,-7.454263
-32.794224,9.923762,-6.285117
-31.181238,9.923762,-5.226327
-29.568251,9.923762,-4.23526
-27.955265,9.923762,-3.302561
-26.342279,9.923762,-2.43076
-24.729293,9.923762,-1.616063
-23.116307,9.923762,-0.872683
-21.503321,9.923762,-0.181105
-19.890335,9.923762,0.475682
-18.277349,9.923762,1.072003
-16.664363,9.923762,1.599181
-15.051377,9.923762,2.063267
-13.438391,9.923762,2.495776
-11.825405,9.923762,2.879492
-10.212419,9.923762,3.198488
-8.599433,9.923762,3.521833
-6.986447,9.923762,3.855401
-5.373461,9.923762,4.12458
-3.760475,9.923762,4.310396
-2.147489,9.923762,4.429856
-0.534503,9.923762,4.490449
1.078483,9.923762,4.519896
2.691469,9.923762,4.579471
4.304455,9.923762,4.602258
5.917441,9.923762,4.556313
7.530427,9.923762,4.457119
9.143413,9.923762,4.302036
10.756399,9.923762,4.094921
12.369385,9.923762,3.856318
13.982371,9.923762,3.581012
15.595357,9.923762,3.260517
17.208343,9.923762,2.889788
18.821329,9.923762,2.46666
20.434315,9.923762,1.996556
22.047301,9.923762,1.482214
23.660287,9.923762,0.921943
25.273273,9.923762,0.310388
26.886259,9.923762,-0.361965
28.499246,9.923762,-1.092748
30.112232,9.923762,-1.878583
31.725218,9.923762,-2.72891
33.338204,9.923762,-3.623056
-44.085126,8.310776,-16.568791
-42.47214,8.310776,-14.779146
-40.859154,8.310776,-13.121998
-39.246168,8.310776,-11.581423
-37.633182,8.310776,-10.153231
-36.020196,8.310776,-8.823253
-34.40721,8.310776,-7.571784
-32.794224,8.310776,-6.395328
-31.181238,8.310776,-5.33149
-29.568251,8.310776,-4.337761
-27.955265,8.310776,-3.406972
-26.342279,8.310776,-2.544547
-24.729293,8.310776,-1.736995
-23.116307,8.310776,-0.988452
-21.503321,8.310776,-0.294123
-19.890335,8.310776,0.360571
-18.277349,8.310776,0.962749
-16.664363,8.310776,1.492682
-15.051377,8.310776,1.953651
-13.438391,8.310776,2.384442
-11.825405,8.310776,2.768842
-10.212419,8.310776,3.092741
-8.599433,8.310776,3.421552
-6.986447,8.310776,3.753514
-5.373461,8.310776,4.0177
-3.760475,8.310776,4.200657
-2.147489,8.310776,4.315427
-0.534503,8.310776,4.374546
1.078483,8.310776,4.418281
2.691469,8.310776,4.486594
4.304455,8.310776,4.499301
5.917441,8.310776,4.443177
7.530427,8.310776,4.337319
9.143413,8.310776,4.181651
10.756399,8.310776,3.974909
12.369385,8.310776,3.734278
13.982371,8.310776,3.458181
15.595357,8.310776,3.141362
17.208343,8.310776,2.775653
18.821329,8.310776,2.353619
20.434315,8.310776,1.879257
22.047301,8.310776,1.360591
23.660287,8.310776,0.798732
25.273273,8.310776,0.188591
26.886259,8.310776,-0.480367
28.499246,8.310776,-1.207629
30.112232,8.310776,-1.99309
31.725218,8.310776,-2.843911
33.338204,8.310776,-3.746361
-44.085126,6.69779,-16.656673
-42.47214,6.69779,-14.880753
-40.859154,6.69779,-13.226832
-39.246168,6.69779,-11.68698
-37.633182,6.69779,-10.263198
-36.020196,6.69779,-8.939861
-34.40721,6.69779,-7.692844
-32.794224,6.69779,-6.519638
-31.181238,6.69779,-5.445276
-29.568251,6.69779,-4.440129
-27.955265,6.69779,-3.510258
-26.342279,6.69779,-2.656493
-24.729293,6.69779,-1.851053
-23.116307,6.69779,-1.096791
-21.503321,6.69779,-0.401045
-19.890335,6.69779,0.253484
-18.277349,6.69779,0.855675
-16.664363,6.69779,1.38447
-15.051377,6.69779,1.84613
-13.438391,6.69779,2.28075
-11.825405,6.69779,2.664145
-10.212419,6.69779,2.982231
-8.599433,6.69779,3.306742
-6.986447,6.69779,3.638519
-5.373461,6.69779,3.905057
-3.760475,6.69779,4.091288
-2.147489,6.69779,4.206584
-0.534503,6.69779,4.265203
1.078483,6.69779,4.316296
2.691469,6.69779,4.386282
4.304455,6.69779,4.386651
5.917441,6.69779,4.318299
7.530427,6.69779,4.210204
9.143413,6.69779,4.062043
10.756399,6.69779,3.860755
12.369385,6.69779,3.619381
13.982371,6.69779,3.343515
15.595357,6.69779,3.031324
17.208343,6.69779,2.672696
18.821329,6.69779,2.254006
20.434315,6.69779,1.773332
22.047301,6.69779,1.24334
23.660287,6.69779,0.669966
25.273273,6.69779,0.054538
26.886259,6.69779,-0.61215
28.499246,6.69779,-1.331742
30.112232,6.69779,-2.111481
31.725218,6.69779,-2.958043
33.338204,6.69779,-3.867382
-44.085126,5.084804,-16.758
-42.47214,5.084804,-14.991645
-40.859154,5.084804,-13.343427
-39.246168,5.084804,-11.799664
-37.633182,5.084804,-10.367259
-36.020196,5.084804,-9.034084
-34.40721,5.084804,-7.787704
-32.794224,5.084804,-6.628619
-31.181238,5.084804,-5.558201
-29.568251,5.084804,-4.54721
-27.955265,5.084804,-3.613173
-26.342279,5.084804,-2.75727
-24.729293,5.084804,-1.953123
-23.116307,5.084804,-1.201887
-21.503321,5.084804,-0.508272
-19.890335,5.084804,0.150118
-18.277349,5.084804,0.749983
-16.664363,5.084804,1.27123
-15.051377,5.084804,1.729945
-13.438391,5.084804,2.171728
-11.825405,5.084804,2.559863
-10.212419,5.084804,2.872357
-8.599433,5.084804,3.190346
-6.986447,5.084804,3.520787
-5.373461,5.084804,3.788536
-3.760475,5.084804,3.978506
-2.147489,5.084804,4.097503
-0.534503,5.084804,4.156803
1.078483,5.084804,4.208023
2.691469,5.084804,4.277428
4.304455,5.084804,4.27111
5.917441,5.084804,4.1971
7.530427,5.084804,4.089205
9.143413,5.084804,3.949333
10.756399,5.084804,3.755482
12.369385,5.084804,3.515909
13.982371,5.084804,3.238164
15.595357,5.084804,2.923338
17.208343,5.084804,2.564136
18.821329,5.084804,2.14684
20.434315,5.084804,1.670614
22.047301,5.084804,1.141186
23.660287,5.084804,0.562665
25.273273,5.084804,-0.0615
26.886259,5.084804,-0.733435
28.499246,5.084804,-1.452911
30.112232,5.084804,-2.231673
31.725218,5.084804,-3.075077
33.338204,5.084804,-3.991717
-44.085126,3.471818,-16.871845
-42.47214,3.471818,-15.106146
-40.859154,3.471818,-13.46132
-39.246168,3.471818,-11.918481
-37.633182,3.471818,-10.469909
-36.020196,3.471818,-9.12704
-34.40721,3.471818,-7.880143
-32.794224,3.471818,-6.73108
-31.181238,3.471818,-5.670697
-29.568251,3.471818,-4.65879
-27.955265,3.471818,-3.718882
-26.342279,3.471818,-2.859208
-24.729293,3.471818,-2.06041
-23.116307,3.471818,-1.316252
-21.503321,3.471818,-0.619056
-19.890335,3.471818,0.043855
-18.277349,3.471818,0.639672
-16.664363,3.471818,1.155687
-15.051377,3.471818,1.610348
-13.438391,3.471818,2.049969
-11.825405,3.471818,2.441096
-10.212419,3.471818,2.761462
-8.599433,3.471818,3.08421
-6.986447,3.471818,3.409773
-5.373461,3.471818,3.672018
-3.760475,3.471818,3.862552
-2.147489,3.471818,3.986949
-0.534503,3.471818,4.046561
1.078483,3.471818,4.092995
2.691469,3.471818,4.166603
4.304455,3.471818,4.168206
5.917441,3.471818,4.097036
7.530427,3.471818,3.985603
9.143413,3.471818,3.842407
10.756399,3.471818,3.64763
12.369385,3.471818,3.41281
13.982371,3.471818,3.132637
15.595357,3.471818,2.807583
17.208343,3.471818,2.436232
18.821329,3.471818,2.013733
20.434315,3.471818,1.546091
22.047301,3.471818,1.027764
23.660287,3.471818,0.455204
25.273273,3.471818,-0.173056
26.886259,3.471818,-0.850949
28.499246,3.471818,-1.573927
30.112232,3.471818,-2.355145
31.725218,3.471818,-3.1961
33.338204,3.471818,-4.118707
-44.085126,1.858832,-16.971126
-42.47214,1.858832,-15.21195
-40.859154,1.858832,-13.576701
-39.246168,1.858832,-12.032609
-37.633182,1.858832,-10.581366
-36.020196,1.858832,-9.234028
-34.40721,1.858832,-7.988169
-32.794224,1.858832,-6.836694
-31.181238,1.858832,-5.778562
-29.568251,1.858832,-4.769831
-27.955265,1.858832,-3.832825
-26.342279,1.858832,-2.972071
-24.729293,1.858832,-2.17576
-23.116307,1.858832,-1.435746
-21.503321,1.858832,-0.733514
-19.890335,1.858832,-0.068095
-18.277349,1.858832,0.524351
-16.664363,1.858832,1.040977
-15.051377,1.858832,1.499097
-13.438391,1.858832,1.934383
-11.825405,1.858832,2.316978
-10.212419,1.858832,2.640562
-8.599433,1.858832,2.972924
-6.986447,1.858832,3.297895
-5.373461,1.858832,3.557286
-3.760475,1.858832,3.747031
-2.147489,1.858832,3.874444
-0.534503,1.858832,3.929467
1.078483,1.858832,3.969464
2.691469,1.858832,4.046399
4.304455,1.858832,4.059435
5.917441,1.858832,3.995812
7.530427,1.858832,3.880202
9.143413,1.858832,3.726569
10.756399,1.858832,3.526005
12.369385,1.858832,3.297162
13.982371,1.858832,3.019306
15.595357,1.858832,2.690419
17.208343,1.858832,2.311572
18.821329,1.858832,1.88255
20.434315,1.858832,1.412843
22.047301,1.858832,0.897063
23.660287,1.858832,0.329806
25.273273,1.858832,-0.295957
26.886259,1.858832,-0.97335
28.499246,1.858832,-1.696266
30.112232,1.858832,-2.478223
31.725218,1.858832,-3.317727
33.338204,1.858832,-4.241534
-44.085126,0.245845,-17.072191
-42.47214,0.245845,-15.314217
-40.859154,0.245845,-13.676616
-39.246168,0.245845,-12.141454
-37.633182,0.245845,-10.705547
-36.020196,0.245845,-9.352691
-34.40721,0.245845,-8.097879
-32.794224,0.245845,-6.93554
-31.181238,0.245845,-5.877819
-29.568251,0.245845,-4.882485
-27.955265,0.245845,-3.952866
-26.342279,0.245845,-3.088118
-24.729293,0.245845,-2.289219
-23.116307,0.245845,-1.549715
-21.503321,0.245845,-0.84624
-19.890335,0.245845,-0.182225
-18.277349,0.245845,0.409789
-16.664363,0.245845,0.926277
-15.051377,0.245845,1.386706
-13.438391,0.245845,1.824332
-11.825405,0.245845,2.201833
-10.212419,0.245845,2.521082
-8.599433,0.245845,2.856503
-6.986447,0.245845,3.185672
-5.373461,0.245845,3.447818
-3.760475,0.245845,3.634093
-2.147489,0.245845,3.753847
-0.534503,0.245845,3.799196
1.078483,0.245845,3.83995
2.691469,0.245845,3.917482
4.304455,0.245845,3.932197
5.917441,0.245845,3.869435
7.530427,0.245845,3.754236
9.143413,0.245845,3.602476
10.756399,0.245845,3.402648
12.369385,0.245845,3.171553
13.982371,0.245845,2.89082
15.595357,0.245845,2.561637
17.208343,0.245845,2.187469
18.821329,0.245845,1.761506
20.434315,0.245845,1.286647
22.047301,0.245845,0.765605
23.660287,0.245845,0.202213
25.273273,0.245845,-0.416889
26.886259,0.245845,-1.091177
28.499246,0.245845,-1.819487
30.112232,0.245845,-2.607531
31.725218,0.245845,-3.451907
33.338204,0.245845,-4.374258
-44.085126,-1.367141,-17.184271
-42.47214,-1.367141,-15.417626
-40.859154,-1.367141,-13.762943
-39.246168,-1.367141,-12.240076
-37.633182,-1.367141,-10.82149
-36.020196,-1.367141,-9.473679
-34.40721,-1.367141,-8.214554
-32.794224,-1.367141,-7.041381
-31.181238,-1.367141,-5.981596
-29.568251,-1.367141,-4.995761
-27.955265,-1.367141,-4.06916
-26.342279,-1.367141,-3.196874
-24.729293,-1.367141,-2.39249
-23.116307,-1.367141,-1.649445
-21.503321,-1.367141,-0.946748
-19.890335,-1.367141,-0.28984
-18.277349,-1.367141,0.298456
-16.664363,-1.367141,0.814148
-15.051377,-1.367141,1.277304
-13.438391,-1.367141,1.720532
-11.825405,-1.367141,2.096017
-10.212419,-1.367141,2.40829
-8.599433,-1.367141,2.741015
-6.986447,-1.367141,3.070421
-5.373461,-1.367141,3.335173
-3.760475,-1.367141,3.52023
-2.147489,-1.367141,3.629811
-0.534503,-1.367141,3.671434
1.078483,-1.367141,3.720374
2.691469,-1.367141,3.794611
4.304455,-1.367141,3.802653
5.917441,-1.367141,3.73547
7.530427,-1.367141,3.623395
9.143413,-1.367141,3.482219
10.756399,-1.367141,3.286222
12.369385,-1.367141,3.047031
13.982371,-1.367141,2.759338
15.595357,-1.367141,2.429502
17.208343,-1.367141,2.064273
18.821329,-1.367141,1.64522
20.434315,-1.367141,1.167234
22.047301,-1.367141,0.637964
23.660287,-1.367141,0.073239
25.273273,-1.367141,-0.544291
26.886259,-1.367141,-1.218677
28.499246,-1.367141,-1.955388
30.112232,-1.367141,-2.750288
31.725218,-1.367141,-3.598632
33.338204,-1.367141,-4.51539
-44.085126,-2.980127,-17.296183
-42.47214,-2.980127,-15.518288
-40.859154,-2.980127,-13.858092
-39.246168,-2.980127,-12.333875
-37.633182,-2.980127,-10.919412
-36.020196,-2.980127,-9.583941
-34.40721,-2.980127,-8.330866
-32.794224,-2.980127,-7.157386
-31.181238,-2.980127,-6.091318
-29.568251,-2.980127,-5.101774
-27.955265,-2.980127,-4.174631
-26.342279,-2.980127,-3.30415
-24.729293,-2.980127,-2.495867
-23.116307,-2.980127,-1.746207
-21.503321,-2.980127,-1.042744
-19.890335,-2.980127,-0.389796
-18.277349,-2.980127,0.194374
-16.664363,-2.980127,0.711084
-15.051377,-2.980127,1.178941
-13.438391,-2.980127,1.622781
-11.825405,-2.980127,1.993491
-10.212419,-2.980127,2.302367
-8.599433,-2.980127,2.634001
-6.986447,-2.980127,2.96198
-5.373461,-2.980127,3.22931
-3.760475,-2.980127,3.417122
-2.147489,-2.980127,3.522968
-0.534503,-2.980127,3.573113
1.078483,-2.980127,3.634445
2.691469,-2.980127,3.703907
4.304455,-2.980127,3.702735
5.917441,-2.980127,3.62804
7.530427,-2.980127,3.514316
9.143413,-2.980127,3.379074
10.756399,-2.980127,3.186659
12.369385,-2.980127,2.943894
13.982371,-2.980127,2.654697
15.595357,-2.980127,2.325924
17.208343,-2.980127,1.963455
18.821329,-2.980127,1.542968
20.434315,-2.980127,1.059189
22.047301,-2.980127,0.520015
23.660287,-2.980127,-0.054161
25.273273,-2.980127,-0.672768
26.886259,-2.980127,-1.342191
28.499246,-2.980127,-2.074975
30.112232,-2.980127,-2.865755
31.725218,-2.980127,-3.710098
33.338204,-2.980127,-4.621638
34.95119,-2.980127,-5.544362
-44.085126,-4.593113,-17.391517
-42.47214,-4.593113,-15.60926
-40.859154,-4.593113,-13.960759
-39.246168,-4.593113,-12.430426
-37.633182,-4.593113,-11.009051
-36.020196,-4.593113,-9.679975
-34.40721,-4.593113,-8.431966
-32.794224,-4.593113,-7.262711
-31.181238,-4.593113,-6.192168
-29.568251,-4.593113,-5.196416
-27.955265,-4.593113,-4.267315
-26.342279,-4.593113,-3.40483
-24.729293,-4.593113,-2.599769
-23.116307,-4.593113,-1.847775
-21.503321,-4.593113,-1.1477
-19.890335,-4.593113,-0.496715
-18.277349,-4.593113,0.089605
-16.664363,-4.593113,0.6089
-15.051377,-4.593113,1.076796
-13.438391,-4.593113,1.52
-11.825405,-4.593113,1.890831
-10.212419,-4.593113,2.20423
-8.599433,-4.593113,2.540243
-6.986447,-4.593113,2.869018
-5.373461,-4.593113,3.139657
-3.760475,-4.593113,3.327681
-2.147489,-4.593113,3.429709
-0.534503,-4.593113,3.48676
1.078483,-4.593113,3.556401
2.691469,-4.593113,3.62679
4.304455,-4.593113,3.625862
5.917441,-4.593113,3.546345
7.530427,-4.593113,3.423217
9.143413,-4.593113,3.282431
10.756399,-4.593113,3.089473
12.369385,-4.593113,2.846059
13.982371,-4.593113,2.555633
15.595357,-4.593113,2.223192
17.208343,-4.593113,1.85421
18.821329,-4.593113,1.431484
20.434315,-4.593113,0.950883
22.047301,-4.593113,0.416237
23.660287,-4.593113,-0.158584
25.273273,-4.593113,-0.774835
26.886259,-4.593113,-1.437167
28.499246,-4.593113,-2.15873
30.112232,-4.593113,-2.941231
31.725218,-4.593113,-3.782063
33.338204,-4.593113,-4.700353
34.95119,-4.593113,-5.632109
-44.085126,-6.206099,-17.476157
-42.47214,-6.206099,-15.712166
-40.859154,-6.206099,-14.062118
-39.246168,-6.206099,-12.533894
-37.633182,-6.206099,-11.101763
-36.020196,-6.206099,-9.772564
-34.40721,-6.206099,-8.530624
-32.794224,-6.206099,-7.362148
-31.181238,-6.206099,-6.288958
-29.568251,-6.206099,-5.290718
-27.955265,-6.206099,-4.3592
-26.342279,-6.206099,-3.500317
-24.729293,-6.206099,-2.698298
-23.116307,-6.206099,-1.947657
-21.503321,-6.206099,-1.250757
-19.890335,-6.206099,-0.60025
-18.277349,-6.206099,-0.014346
-16.664363,-6.206099,0.502961
-15.051377,-6.206099,0.973648
-13.438391,-6.206099,1.423509
-11.825405,-6.206099,1.796624
-10.212419,-6.206099,2.112147
-8.599433,-6.206099,2.451136
-6.986447,-6.206099,2.785121
-5.373461,-6.206099,3.058284
-3.760475,-6.206099,3.238672
-2.147489,-6.206099,3.331573
-0.534503,-6.206099,3.386687
1.078483,-6.206099,3.456056
2.691469,-6.206099,3.52606
4.304455,-6.206099,3.528708
5.917441,-6.206099,3.450331
7.530427,-6.206099,3.321616
9.143413,-6.206099,3.169192
10.756399,-6.206099,2.972511
12.369385,-6.206099,2.73245
13.982371,-6.206099,2.44521
15.595357,-6.206099,2.110912
17.208343,-6.206099,1.734537
18.821329,-6.206099,1.312529
20.434315,-6.206099,0.84338
22.047301,-6.206099,0.326171
23.660287,-6.206099,-0.241978
25.273273,-6.206099,-0.861024
26.886259,-6.206099,-1.530924
28.499246,-6.206099,-2.254446
30.112232,-6.206099,-3.037182
31.725218,-6.206099,-3.878107
33.338204,-6.206099,-4.80231
34.95119,-6.206099,-5.745274
-42.47214,-7.819085,-15.799208
-40.859154,-7.819085,-14.15117
-39.246168,-7.819085,-12.633324
-37.633182,-7.819085,-11.197374
-36.020196,-7.819085,-9.866195
-34.40721,-7.819085,-8.627875
-32.794224,-7.819085,-7.457538
-31.181238,-7.819085,-6.388723
-29.568251,-7.819085,-5.388957
-27.955265,-7.819085,-4.455783
-26.342279,-7.819085,-3.599526
-24.729293,-7.819085,-2.799089
-23.116307,-7.819085,-2.049905
-21.503321,-7.819085,-1.344127
-19.890335,-7.819085,-0.685683
-18.277349,-7.819085,-0.103345
-16.664363,-7.819085,0.409239
-15.051377,-7.819085,0.887604
-13.438391,-7.819085,1.343047
-11.825405,-7.819085,1.705317
-10.212419,-7.819085,2.015038
-8.599433,-7.819085,2.3535
-6.986447,-7.819085,2.690462
-5.373461,-7.819085,2.965571
-3.760475,-7.819085,3.136547
-2.147489,-7.819085,3.21955
-0.534503,-7.819085,3.269659
1.078483,-7.819085,3.339901
2.691469,-7.819085,3.41206
4.304455,-7.819085,3.419811
5.917441,-7.819085,3.347441
7.530427,-7.819085,3.223091
9.143413,-7.819085,3.062744
10.756399,-7.819085,2.861883
12.369385,-7.819085,2.628944
13.982371,-7.819085,2.353216
15.595357,-7.819085,2.025719
17.208343,-7.819085,1.644955
18.821329,-7.819085,1.217912
20.434315,-7.819085,0.748365
22.047301,-7.819085,0.236402
23.660287,-7.819085,-0.332482
25.273273,-7.819085,-0.957493
26.886259,-7.819085,-1.636623
28.499246,-7.819085,-2.366416
30.112232,-7.819085,-3.152258
31.725218,-7.819085,-3.993826
33.338204,-7.819085,-4.915827
34.95119,-7.819085,-5.863697
-42.47214,-9.432071,-15.888482
-40.859154,-9.432071,-14.235107
-39.246168,-9.432071,-12.718679
-37.633182,-9.432071,-11.28706
-36.020196,-9.432071,-9.959109
-34.40721,-9.432071,-8.72153
-32.794224,-9.432071,-7.553026
-31.181238,-9.432071,-6.488186
-29.568251,-9.432071,-5.486249
-27.955265,-9.432071,-4.549849
-26.342279,-9.432071,-3.693861
-24.729293,-9.432071,-2.895596
-23.116307,-9.432071,-2.147227
-21.503321,-9.432071,-1.432814
-19.890335,-9.432071,-0.770983
-18.277349,-9.432071,-0.191605
-16.664363,-9.432071,0.317278
-15.051377,-9.432071,0.798488
-13.438391,-9.432071,1.247914
-11.825405,-9.432071,1.593194
-10.212419,-9.432071,1.892471
-8.599433,-9.432071,2.234945
-6.986447,-9.432071,2.573358
-5.373461,-9.432071,2.850041
-3.760475,-9.432071,3.018809
-2.147489,-9.432071,3.104456
-0.534503,-9.432071,3.159572
1.078483,-9.432071,3.235822
2.691469,-9.432071,3.313224
4.304455,-9.432071,3.324202
5.917441,-9.432071,3.253108
7.530427,-9.432071,3.133084
9.143413,-9.432071,2.970856
10.756399,-9.432071,2.767787
12.369385,-9.432071,2.536519
13.982371,-9.432071,2.266456
15.595357,-9.432071,1.943988
17.208343,-9.432071,1.560942
18.821329,-9.432071,1.126642
20.434315,-9.432071,0.647917
22.047301,-9.432071,0.128551
23.660287,-9.432071,-0.443221
25.273273,-9.432071,-1.068642
26.886259,-9.432071,-1.746873
28.499246,-9.432071,-2.475426
30.112232,-9.432071,-3.259299
31.725218,-9.432071,-4.099167
33.338204,-9.432071,-5.021088
34.95119,-9.432071,-5.973829
-44.085126,-11.045057,-17.756662
-42.47214,-11.045057,-15.991253
-40.859154,-11.045057,-14.335537
-39.246168,-11.045057,-12.807096
-37.633182,-11.045057,-11.379378
-36.020196,-11.045057,-10.056538
-34.40721,-11.045057,-8.817377
-32.794224,-11.045057,-7.653994
-31.181238,-11.045057,-6.590237
-29.568251,-11.045057,-5.587503
-27.955265,-11.045057,-4.649302
-26.342279,-11.045057,-3.79031
-24.729293,-11.045057,-2.99483
-23.116307,-11.045057,-2.24788
-21.503321,-11.045057,-1.53705
-19.890335,-11.045057,-0.883375
-18.277349,-11.045057,-0.309357
-16.664363,-11.045057,0.19608
-15.051377,-11.045057,0.679013
-13.438391,-11.045057,1.128821
-11.825405,-11.045057,1.469355
-10.212419,-11.045057,1.770468
-8.599433,-11.045057,2.117912
-6.986447,-11.045057,2.45644
-5.373461,-11.045057,2.728976
-3.760475,-11.045057,2.902301
-2.147489,-11.045057,3.007665
-0.534503,-11.045057,3.074734
1.078483,-11.045057,3.148412
2.691469,-11.045057,3.21434
4.304455,-11.045057,3.217971
5.917441,-11.045057,3.143777
7.530427,-11.045057,3.02349
9.143413,-11.045057,2.861776
10.756399,-11.045057,2.659521
12.369385,-11.045057,2.427175
13.982371,-11.045057,2.157128
15.595357,-11.045057,1.836393
17.208343,-11.045057,1.455417
18.821329,-11.045057,1.018468
20.434315,-11.045057,0.533426
22.047301,-11.045057,0.007211
23.660287,-11.045057,-0.565917
25.273273,-11.045057,-1.189511
26.886259,-11.045057,-1.864412
28.499246,-11.045057,-2.590076
30.112232,-11.045057,-3.371163
31.725218,-11.045057,-4.20971
33.338204,-11.045057,-5.132206
34.95119,-11.045057,-6.092349
-44.085126,-12.658043,-17.851762
-42.47214,-12.658043,-16.09577
-40.859154,-12.658043,-14.440558
-39.246168,-12.658043,-12.908808
-37.633182,-12.658043,-11.480287
-36.020196,-12.658043,-10.1566
-34.40721,-12.658043,-8.908738
-32.794224,-12.658043,-7.748642
-31.181238,-12.658043,-6.689843
-29.568251,-12.658043,-5.700361
-27.955265,-12.658043,-4.7706
-26.342279,-12.658043,-3.912168
-24.729293,-12.658043,-3.120401
-23.116307,-12.658043,-2.371481
-21.503321,-12.658043,-1.65981
-19.890335,-12.658043,-1.007111
-18.277349,-12.658043,-0.434077
-16.664363,-12.658043,0.074209
-15.051377,-12.658043,0.568257
-13.438391,-12.658043,1.021752
-11.825405,-12.658043,1.361272
-10.212419,-12.658043,1.672403
-8.599433,-12.658043,2.019623
-6.986447,-12.658043,2.350059
-5.373461,-12.658043,2.617359
-3.760475,-12.658043,2.792827
-2.147489,-12.658043,2.909622
-0.534503,-12.658043,2.979247
1.078483,-12.658043,3.03961
2.691469,-12.658043,3.089593
4.304455,-12.658043,3.089164
5.917441,-12.658043,3.018441
7.530427,-12.658043,2.903385
9.143413,-12.658043,2.743687
10.756399,-12.658043,2.541492
12.369385,-12.658043,2.306668
13.982371,-12.658043,2.034458
15.595357,-12.658043,1.712853
17.208343,-12.658043,1.333436
18.821329,-12.658043,0.898069
20.434315,-12.658043,0.412566
22.047301,-12.658043,-0.116357
23.660287,-12.658043,-0.688769
25.273273,-12.658043,-1.308824
26.886259,-12.658043,-1.97856
28.499246,-12.658043,-2.70372
30.112232,-12.658043,-3.486308
31.725218,-12.658043,-4.328398
33.338204,-12.658043,-5.25151
34.95119,-12.658043,-6.219466
-44.085126,-14.271029,-17.947556
-42.47214,-14.271029,-16.20267
-40.859154,-14.271029,-14.540141
-39.246168,-14.271029,-13.013546
-37.633182,-14.271029,-11.578756
-36.020196,-14.271029,-10.256372
-34.40721,-14.271029,-9.006529
-32.794224,-14.271029,-7.851383
-31.181238,-14.271029,-6.799156
-29.568251,-14.271029,-5.822131
-27.955265,-14.271029,-4.892869
-26.342279,-14.271029,-4.02872
-24.729293,-14.271029,-3.237187
-23.116307,-14.271029,-2.48494
-21.503321,-14.271029,-1.76789
-19.890335,-14.271029,-1.109451
-18.277349,-14.271029,-0.536524
-16.664363,-14.271029,-0.021324
-15.051377,-14.271029,0.491244
-13.438391,-14.271029,0.931008
-11.825405,-14.271029,1.256532
-10.212419,-14.271029,1.574794
-8.599433,-14.271029,1.920638
-6.986447,-14.271029,2.245345
-5.373461,-14.271029,2.507967
-3.760475,-14.271029,2.678389
-2.147489,-14.271029,2.791157
-0.534503,-14.271029,2.858239
1.078483,-14.271029,2.915572
2.691469,-14.271029,2.962142
4.304455,-14.271029,2.961036
5.917441,-14.271029,2.892499
7.530427,-14.271029,2.785967
9.143413,-14.271029,2.63103
10.756399,-14.271029,2.429421
12.369385,-14.271029,2.191182
13.982371,-14.271029,1.914409
15.595357,-14.271029,1.5882
17.208343,-14.271029,1.210295
18.821329,-14.271029,0.779992
20.434315,-14.271029,0.298751
22.047301,-14.271029,-0.231284
23.660287,-14.271029,-0.805042
25.273273,-14.271029,-1.424456
26.886259,-14.271029,-2.090275
28.499246,-14.271029,-2.815807
30.112232,-14.271029,-3.601336
31.725218,-14.271029,-4.449574
33.338204,-14.271029,-5.373557
34.95119,-14.271029,-6.348483
-44.085126,-15.884015,-18.058476
-42.47214,-15.884015,-16.314182
-40.859154,-15.884015,-14.646426
-39.246168,-15.884015,-13.123941
-37.633182,-15.884015,-11.691417
-36.020196,-15.884015,-10.377068
-34.40721,-15.884015,-9.129653
-32.794224,-15.884015,-7.975518
-31.181238,-15.884015,-6.918109
-29.568251,-15.884015,-5.931054
-27.955265,-15.884015,-4.991527
-26.342279,-15.884015,-4.118505
-24.729293,-15.884015,-3.324348
-23.116307,-15.884015,-2.572628
-21.503321,-15.884015,-1.86174
-19.890335,-15.884015,-1.208917
-18.277349,-15.884015,-0.639676
-16.664363,-15.884015,-0.117646
-15.051377,-15.884015,0.407637
-13.438391,-15.884015,0.824314
-11.825405,-15.884015,1.136463
-10.212419,-15.884015,1.464563
-8.599433,-15.884015,1.814823
-6.986447,-15.884015,2.143359
-5.373461,-15.884015,2.402819
-3.760475,-15.884015,2.567809
-2.147489,-15.884015,2.674518
-0.534503,-15.884015,2.741309
1.078483,-15.884015,2.804035
2.691469,-15.884015,2.856354
4.304455,-15.884015,2.855103
5.917441,-15.884015,2.780103
7.530427,-15.884015,2.670543
9.143413,-15.884015,2.517278
10.756399,-15.884015,2.319556
12.369385,-15.884015,2.082342
13.982371,-15.884015,1.803968
15.595357,-15.884015,1.474982
17.208343,-15.884015,1.099092
18.821329,-15.884015,0.671962
20.434315,-15.884015,0.192253
22.047301,-15.884015,-0.341215
23.660287,-15.884015,-0.92019
25.273273,-15.884015,-1.543895
26.886259,-15.884015,-2.210598
28.499246,-15.884015,-2.935919
30.112232,-15.884015,-3.720792
31.725218,-15.884015,-4.570586
33.338204,-15.884015,-5.493646
34.95119,-15.884015,-6.475569
-42.47214,-17.497001,-16.421713
-40.859154,-17.497001,-14.766954
-39.246168,-17.497001,-13.249089
-37.633182,-17.497001,-11.825836
-36.020196,-17.497001,-10.507427
-34.40721,-17.497001,-9.245778
-32.794224,-17.497001,-8.082776
-31.181238,-17.497001,-7.023101
-29.568251,-17.497001,-6.026425
-27.955265,-17.497001,-5.085883
-26.342279,-17.497001,-4.216119
-24.729293,-17.497001,-3.419986
-23.116307,-17.497001,-2.670059
-21.503321,-17.497001,-1.969549
-19.890335,-17.497001,-1.321523
-18.277349,-17.497001,-0.751676
-16.664363,-17.497001,-0.223753
-15.051377,-17.497001,0.299452
-13.438391,-17.497001,0.696144
-11.825405,-17.497001,1.007428
-10.212419,-17.497001,1.346693
-8.599433,-17.497001,1.701332
-6.986447,-17.497001,2.03553
-5.373461,-17.497001,2.295327
-3.760475,-17.497001,2.459565
-2.147489,-17.497001,2.559883
-0.534503,-17.497001,2.621815
1.078483,-17.497001,2.685874
2.691469,-17.497001,2.745849
4.304455,-17.497001,2.750554
5.917441,-17.497001,2.673202
7.530427,-17.497001,2.552022
9.143413,-17.497001,2.392353
10.756399,-17.497001,2.195924
12.369385,-17.497001,1.961696
13.982371,-17.497001,1.68459
15.595357,-17.497001,1.354202
17.208343,-17.497001,0.977442
18.821329,-17.497001,0.550981
20.434315,-17.497001,0.073235
22.047301,-17.497001,-0.457583
23.660287,-17.497001,-1.037068
25.273273,-17.497001,-1.663985
26.886259,-17.497001,-2.33688
28.499246,-17.497001,-3.063752
30.112232,-17.497001,-3.845872
31.725218,-17.497001,-4.691726
33.338204,-17.497001,-5.61031
34.95119,-17.497001,-6.599003
-42.47214,-19.109987,-16.532289
-40.859154,-19.109987,-14.892788
-39.246168,-19.109987,-13.370349
-37.633182,-19.109987,-11.938358
-36.020196,-19.109987,-10.604341
-34.40721,-19.109987,-9.335818
-32.794224,-19.109987,-8.175486
-31.181238,-19.109987,-7.125357
-29.568251,-19.109987,-6.132413
-27.955265,-19.109987,-5.193347
-26.342279,-19.109987,-4.329046
-24.729293,-19.109987,-3.532488
-23.116307,-19.109987,-2.78732
-21.503321,-19.109987,-2.092782
-19.890335,-19.109987,-1.439895
-18.277349,-19.109987,-0.86403
-16.664363,-19.109987,-0.330883
-15.051377,-19.109987,0.188145
-13.438391,-19.109987,0.575528
-11.825405,-19.109987,0.889444
-10.212419,-19.109987,1.237712
-8.599433,-19.109987,1.593491
-6.986447,-19.109987,1.922588
-5.373461,-19.109987,2.175823
-3.760475,-19.109987,2.338008
-2.147489,-19.109987,2.431198
-0.534503,-19.109987,2.487838
1.078483,-19.109987,2.550906
2.691469,-19.109987,2.617439
4.304455,-19.109987,2.632288
5.917441,-19.109987,2.562366
7.530427,-19.109987,2.436821
9.143413,-19.109987,2.266346
10.756399,-19.109987,2.063369
12.369385,-19.109987,1.827848
13.982371,-19.109987,1.552266
15.595357,-19.109987,1.222596
17.208343,-19.109987,0.845435
18.821329,-19.109987,0.419989
20.434315,-19.109987,-0.054046
22.047301,-19.109987,-0.576454
23.660287,-19.109987,-1.150587
25.273273,-19.109987,-1.776887
26.886259,-19.109987,-2.45737
28.499246,-19.109987,-3.189264
30.112232,-19.109987,-3.971809
31.725218,-19.109987,-4.81526
33.338204,-19.109987,-5.727372
34.95119,-19.109987,-6.721188
-42.47214,-20.722973,-16.656151
-40.859154,-20.722973,-15.000774
-39.246168,-20.722973,-13.466952
-37.633182,-20.722973,-12.023706
-36.020196,-20.722973,-10.691467
-34.40721,-20.722973,-9.442509
-32.794224,-20.722973,-8.288947
-31.181238,-20.722973,-7.237336
-29.568251,-20.722973,-6.24506
-27.955265,-20.722973,-5.30838
-26.342279,-20.722973,-4.448994
-24.729293,-20.722973,-3.64808
-23.116307,-20.722973,-2.900479
-21.503321,-20.722973,-2.20626
-19.890335,-20.722973,-1.552479
-18.277349,-20.722973,-0.975481
-16.664363,-20.722973,-0.437624
-15.051377,-20.722973,0.0847
-13.438391,-20.722973,0.467806
-11.825405,-20.722973,0.778214
-10.212419,-20.722973,1.129867
-8.599433,-20.722973,1.49078
-6.986447,-20.722973,1.814716
-5.373461,-20.722973,2.062279
-3.760475,-20.722973,2.222681
-2.147489,-20.722973,2.314693
-0.534503,-20.722973,2.373326
1.078483,-20.722973,2.437789
2.691469,-20.722973,2.505152
4.304455,-20.722973,2.521807
5.917441,-20.722973,2.456406
7.530427,-20.722973,2.332189
9.143413,-20.722973,2.156635
10.756399,-20.722973,1.946245
12.369385,-20.722973,1.705851
13.982371,-20.722973,1.430406
15.595357,-20.722973,1.102861
17.208343,-20.722973,0.727651
18.821329,-20.722973,0.30363
20.434315,-20.722973,-0.169747
22.047301,-20.722973,-0.691447
23.660287,-20.722973,-1.264755
25.273273,-20.722973,-1.890676
26.886259,-20.722973,-2.573674
28.499246,-20.722973,-3.309076
30.112232,-20.722973,-4.094261
31.725218,-20.722973,-4.939185
33.338204,-20.722973,-5.846258
34.95119,-20.722973,-6.844978
-42.47214,-22.335959,-16.768643
-40.859154,-22.335959,-15.096722
-39.246168,-22.335959,-13.561362
-37.633182,-22.335959,-12.119129
-36.020196,-22.335959,-10.799214
-34.40721,-22.335959,-9.562833
-32.794224,-22.335959,-8.405598
-31.181238,-22.335959,-7.345948
-29.568251,-22.335959,-6.350753
-27.955265,-22.335959,-5.421123
-26.342279,-22.335959,-4.570758
-24.729293,-22.335959,-3.764597
-23.116307,-22.335959,-3.006728
-21.503321,-22.335959,-2.305782
-19.890335,-22.335959,-1.657497
-18.277349,-22.335959,-1.090512
-16.664363,-22.335959,-0.554654
-15.051377,-22.335959,-0.026445
-13.438391,-22.335959,0.36064
-11.825405,-22.335959,0.668352
-10.212419,-22.335959,1.017426
-8.599433,-22.335959,1.375653
-6.986447,-22.335959,1.699917
-5.373461,-22.335959,1.953896
-3.760475,-22.335959,2.122338
-2.147489,-22.335959,2.219056
-0.534503,-22.335959,2.279985
1.078483,-22.335959,2.342228
2.691469,-22.335959,2.403539
4.304455,-22.335959,2.413908
5.917441,-22.335959,2.347409
7.530427,-22.335959,2.229851
9.143413,-22.335959,2.059169
10.756399,-22.335959,1.847263
12.369385,-22.335959,1.601656
13.982371,-22.335959,1.322761
15.595357,-22.335959,0.994314
17.208343,-22.335959,0.619455
18.821329,-22.335959,0.195657
20.434315,-22.335959,-0.279369
22.047301,-22.335959,-0.806786
23.660287,-22.335959,-1.384307
25.273273,-22.335959,-2.011226
26.886259,-22.335959,-2.692748
28.499246,-22.335959,-3.427856
30.112232,-22.335959,-4.214261
31.725218,-22.335959,-5.06014
33.338204,-22.335959,-5.966058
34.95119,-22.335959,-6.967597
-42.47214,-23.948945,-16.86091
-40.859154,-23.948945,-15.200256
-39.246168,-23.948945,-13.670547
-37.633182,-23.948945,-12.228792
-36.020196,-23.948945,-10.907808
-34.40721,-23.948945,-9.661978
-32.794224,-23.948945,-8.505441
-31.181238,-23.948945,-7.451784
-29.568251,-23.948945,-6.454047
-27.955265,-23.948945,-5.525864
-26.342279,-23.948945,-4.679895
-24.729293,-23.948945,-3.874384
-23.116307,-23.948945,-3.114774
-21.503321,-23.948945,-2.409201
-19.890335,-23.948945,-1.762831
-18.277349,-23.948945,-1.205906
-16.664363,-23.948945,-0.677903
-15.051377,-23.948945,-0.146368
-13.438391,-23.948945,0.254187
-11.825405,-23.948945,0.568965
-10.212419,-23.948945,0.914479
-8.599433,-23.948945,1.260642
-6.986447,-23.948945,1.580793
-5.373461,-23.948945,1.841535
-3.760475,-23.948945,2.018904
-2.147489,-23.948945,2.118755
-0.534503,-23.948945,2.179473
1.078483,-23.948945,2.240545
2.691469,-23.948945,2.297872
4.304455,-23.948945,2.297267
5.917441,-23.948945,2.225928
7.530427,-23.948945,2.119346
9.143413,-23.948945,1.957303
10.756399,-23.948945,1.745318
12.369385,-23.948945,1.494116
13.982371,-23.948945,1.212077
15.595357,-23.948945,0.882958
17.208343,-23.948945,0.507606
18.821329,-23.948945,0.083144
20.434315,-23.948945,-0.393564
22.047301,-23.948945,-0.924999
23.660287,-23.948945,-1.50642
25.273273,-23.948945,-2.135114
26.886259,-23.948945,-2.815227
28.499246,-23.948945,-3.548467
30.112232,-23.948945,-4.333724
31.725218,-23.948945,-5.179305
33.338204,-23.948945,-6.08431
34.95119,-23.948945,-7.08626
36.564176,-23.948945,-8.092798
-42.47214,-25.561931,-16.961414
-40.859154,-25.561931,-15.30871
-39.246168,-25.561931,-13.776522
-37.633182,-25.561931,-12.33959
-36.020196,-25.561931,-11.012839
-34.40721,-25.561931,-9.755217
-32.794224,-25.561931,-8.607436
-31.181238,-25.561931,-7.563844
-29.568251,-25.561931,-6.55854
-27.955265,-25.561931,-5.624033
-26.342279,-25.561931,-4.776662
-24.729293,-25.561931,-3.97544
-23.116307,-25.561931,-3.222493
-21.503321,-25.561931,-2.519005
-19.890335,-25.561931,-1.870761
-18.277349,-25.561931,-1.312102
-16.664363,-25.561931,-0.785574
-15.051377,-25.561931,-0.260923
-13.438391,-25.561931,0.136871
-11.825405,-25.561931,0.457425
-10.212419,-25.561931,0.805413
-8.599433,-25.561931,1.151065
-6.986447,-25.561931,1.471864
-5.373461,-25.561931,1.732285
-3.760475,-25.561931,1.907812
-2.147489,-25.561931,2.00762
-0.534503,-25.561931,2.07225
1.078483,-25.561931,2.138737
2.691469,-25.561931,2.196346
4.304455,-25.561931,2.184197
5.917441,-25.561931,2.104868
7.530427,-25.561931,2.001406
9.143413,-25.561931,1.845726
10.756399,-25.561931,1.635186
12.369385,-25.561931,1.380427
13.982371,-25.561931,1.097227
15.595357,-25.561931,0.768103
17.208343,-25.561931,0.391754
18.821329,-25.561931,-0.03386
20.434315,-25.561931,-0.510924
22.047301,-25.561931,-1.043301
23.660287,-25.561931,-1.627136
25.273273,-25.561931,-2.259052
26.886259,-25.561931,-2.937454
28.499246,-25.561931,-3.666637
30.112232,-25.561931,-4.446967
31.725218,-25.561931,-5.293023
33.338204,-25.561931,-6.201027
34.95119,-25.561931,-7.203426
36.564176,-25.561931,-8.215117
-42.47214,-27.174917,-17.069682
-40.859154,-27.174917,-15.421494
-39.246168,-27.174917,-13.883925
-37.633182,-27.174917,-12.452162
-36.020196,-27.174917,-11.120075
-34.40721,-27.174917,-9.860448
-32.794224,-27.174917,-8.718989
-31.181238,-27.174917,-7.67691
-29.568251,-27.174917,-6.660904
-27.955265,-27.174917,-5.722886
-26.342279,-27.174917,-4.879224
-24.729293,-27.174917,-4.081364
-23.116307,-27.174917,-3.331908
-21.503321,-27.174917,-2.633078
-19.890335,-27.174917,-1.98365
-18.277349,-27.174917,-1.41801
-16.664363,-27.174917,-0.885955
-15.051377,-27.174917,-0.368937
-13.438391,-27.174917,0.012196
-11.825405,-27.174917,0.335747
-10.212419,-27.174917,0.692536
-8.599433,-27.174917,1.047032
-6.986447,-27.174917,1.371446
-5.373461,-27.174917,1.627656
-3.760475,-27.174917,1.794636
-2.147489,-27.174917,1.893272
-0.534503,-27.174917,1.966092
1.078483,-27.174917,2.039711
2.691469,-27.174917,2.093836
4.304455,-27.174917,2.07423
5.917441,-27.174917,1.989334
7.530427,-27.174917,1.882247
9.143413,-27.174917,1.730046
10.756399,-27.174917,1.525072
12.369385,-27.174917,1.272964
13.982371,-27.174917,0.988223
15.595357,-27.174917,0.655657
17.208343,-27.174917,0.274619
18.821329,-27.174917,-0.154886
20.434315,-27.174917,-0.632388
22.047301,-27.174917,-1.162367
23.660287,-27.174917,-1.744178
25.273273,-27.174917,-2.376423
26.886259,-27.174917,-3.053534
28.499246,-27.174917,-3.779115
30.112232,-27.174917,-4.55326
31.725218,-27.174917,-5.398872
33.338204,-27.174917,-6.312125
34.95119,-27.174917,-7.321371
36.564176,-27.174917,-8.344213
-42.47214,-28.787903,-17.172223
-40.859154,-28.787903,-15.532558
-39.246168,-28.787903,-14.000732
-37.633182,-28.787903,-12.568191
-36.020196,-28.787903,-11.231179
-34.40721,-28.787903,-9.971046
-32.794224,-28.787903,-8.823355
-31.181238,-28.787903,-7.776924
-29.568251,-28.787903,-6.762478
-27.955265,-28.787903,-5.828513
-26.342279,-28.787903,-4.98869
-24.729293,-28.787903,-4.188326
-23.116307,-28.787903,-3.437787
-21.503321,-28.787903,-2.744899
-19.890335,-28.787903,-2.095987
-18.277349,-28.787903,-1.525332
-16.664363,-28.787903,-0.988218
-15.051377,-28.787903,-0.47275
-13.438391,-28.787903,-0.099953
-11.825405,-28.787903,0.223769
-10.212419,-28.787903,0.585689
-8.599433,-28.787903,0.946973
-6.986447,-28.787903,1.271905
-5.373461,-28.787903,1.522717
-3.760475,-28.787903,1.681567
-2.147489,-28.787903,1.776521
-0.534503,-28.787903,1.852293
1.078483,-28.787903,1.92982
2.691469,-28.787903,1.982948
4.304455,-28.787903,1.963873
5.917441,-28.787903,1.879614
7.530427,-28.787903,1.767271
9.143413,-28.787903,1.613405
10.756399,-28.787903,1.411836
12.369385,-28.787903,1.165399
13.982371,-28.787903,0.881113
15.595357,-28.787903,0.54764
17.208343,-28.787903,0.163632
18.821329,-28.787903,-0.270414
20.434315,-28.787903,-0.753018
22.047301,-28.787903,-1.28172
23.660287,-28.787903,-1.85892
25.273273,-28.787903,-2.486982
26.886259,-28.787903,-3.16677
28.499246,-28.787903,-3.896585
30.112232,-28.787903,-4.671687
31.725218,-28.787903,-5.515947
33.338204,-28.787903,-6.428322
34.95119,-28.787903,-7.444854
36.564176,-28.787903,-8.483073
-42.47214,-30.400889,-17.281879
-40.859154,-30.400889,-15.640044
-39.246168,-30.400889,-14.107935
-37.633182,-30.400889,-12.676876
-36.020196,-30.400889,-11.346373
-34.40721,-30.400889,-10.089848
-32.794224,-30.400889,-8.931359
-31.181238,-30.400889,-7.881179
-29.568251,-30.400889,-6.877061
-27.955265,-30.400889,-5.946628
-26.342279,-30.400889,-5.10081
-24.729293,-30.400889,-4.295653
-23.116307,-30.400889,-3.544549
-21.503321,-30.400889,-2.854855
-19.890335,-30.400889,-2.212082
-18.277349,-30.400889,-1.640632
-16.664363,-30.400889,-1.095887
-15.051377,-30.400889,-0.574804
-13.438391,-30.400889,-0.203883
-11.825405,-30.400889,0.114535
-10.212419,-30.400889,0.470767
-8.599433,-30.400889,0.83617
-6.986447,-30.400889,1.162828
-5.373461,-30.400889,1.409912
-3.760475,-30.400889,1.565099
-2.147489,-30.400889,1.658161
-0.534503,-30.400889,1.732115
1.078483,-30.400889,1.808574
2.691469,-30.400889,1.866511
4.304455,-30.400889,1.855158
5.917441,-30.400889,1.774298
7.530427,-30.400889,1.657123
9.143413,-30.400889,1.497895
10.756399,-30.400889,1.293901
12.369385,-30.400889,1.049437
13.982371,-30.400889,0.767735
15.595357,-30.400889,0.439822
17.208343,-30.400889,0.05978
18.821329,-30.400889,-0.375008
20.434315,-30.400889,-0.865994
22.047301,-30.400889,-1.39911
23.660287,-30.400889,-1.976175
25.273273,-30.400889,-2.601575
26.886259,-30.400889,-3.286197
28.499246,-30.400889,-4.024602
30.112232,-30.400889,-4.805086
31.725218,-30.400889,-5.647809
33.338204,-30.400889,-6.553093
34.95119,-30.400889,-7.569534
36.564176,-30.400889,-8.618651
-42.47214,-32.013875,-17.402524
-40.859154,-32.013875,-15.752552
-39.246168,-32.013875,-14.210009
-37.633182,-32.013875,-12.777109
-36.020196,-32.013875,-11.456842
-34.40721,-32.013875,-10.21281
-32.794224,-32.013875,-9.053976
-31.181238,-32.013875,-8.00124
-29.568251,-32.013875,-7.001427
-27.955265,-32.013875,-6.072707
-26.342279,-32.013875,-5.220246
-24.729293,-32.013875,-4.412666
-23.116307,-32.013875,-3.658225
-21.503321,-32.013875,-2.962309
-19.890335,-32.013875,-2.33045
-18.277349,-32.013875,-1.771642
-16.664363,-32.013875,-1.22169
-15.051377,-32.013875,-0.691622
-13.438391,-32.013875,-0.316537
-11.825405,-32.013875,-0.0004119821
-10.212419,-32.013875,0.349833
-8.599433,-32.013875,0.714421
-6.986447,-32.013875,1.041613
-5.373461,-32.013875,1.287831
-3.760475,-32.013875,1.443538
-2.147489,-32.013875,1.538168
-0.534503,-32.013875,1.612257
1.078483,-32.013875,1.687644
2.691469,-32.013875,1.748224
4.304455,-32.013875,1.741375
5.917441,-32.013875,1.663563
7.530427,-32.013875,1.546624
9.143413,-32.013875,1.38592
10.756399,-32.013875,1.177908
12.369385,-32.013875,0.92928
13.982371,-32.013875,0.64715
15.595357,-32.013875,0.323521
17.208343,-32.013875,-0.051976
18.821329,-32.013875,-0.486067
20.434315,-32.013875,-0.982204
22.047301,-32.013875,-1.520487
23.660287,-32.013875,-2.09974
25.273273,-32.013875,-2.724395
26.886259,-32.013875,-3.409749
28.499246,-32.013875,-4.151502
30.112232,-32.013875,-4.936109
31.725218,-32.013875,-5.778647
33.338204,-32.013875,-6.679039
34.95119,-32.013875,-7.689977
36.564176,-32.013875,-8.743416
-42.47214,-33.626861,-17.505746
-40.859154,-33.626861,-15.860178
-39.246168,-33.626861,-14.323745
-37.633182,-33.626861,-12.879384
-36.020196,-33.626861,-11.561678
-34.40721,-33.626861,-10.326107
-32.794224,-33.626861,-9.167607
-31.181238,-33.626861,-8.111561
-29.568251,-33.626861,-7.113168
-27.955265,-33.626861,-6.191267
-26.342279,-33.626861,-5.339758
-24.729293,-33.626861,-4.529582
-23.116307,-33.626861,-3.767734
-21.503321,-33.626861,-3.061874
-19.890335,-33.626861,-2.435576
-18.277349,-33.626861,-1.893306
-16.664363,-33.626861,-1.349242
-15.051377,-33.626861,-0.811577
-13.438391,-33.626861,-0.428514
-11.825405,-33.626861,-0.112294
-10.212419,-33.626861,0.237141
-8.599433,-33.626861,0.59886
-6.986447,-33.626861,0.922612
-5.373461,-33.626861,1.166774
-3.760475,-33.626861,1.322571
-2.147489,-33.626861,1.419976
-0.534503,-33.626861,1.497392
1.078483,-33.626861,1.574496
2.691469,-33.626861,1.63336
4.304455,-33.626861,1.621684
5.917441,-33.626861,1.544475
7.530427,-33.626861,1.430008
9.143413,-33.626861,1.271373
10.756399,-33.626861,1.060831
12.369385,-33.626861,0.806595
13.982371,-33.626861,0.521284
15.595357,-33.626861,0.196451
17.208343,-33.626861,-0.178241
18.821329,-33.626861,-0.611297
20.434315,-33.626861,-1.106014
22.047301,-33.626861,-1.645726
23.660287,-33.626861,-2.226628
25.273273,-33.626861,-2.851198
26.886259,-33.626861,-3.535066
28.499246,-33.626861,-4.277052
30.112232,-33.626861,-5.067414
31.725218,-33.626861,-5.913822
33.338204,-33.626861,-6.815134
34.95119,-33.626861,-7.815897
36.564176,-33.626861,-8.866466
-42.47214,-35.239847,-17.594575
-40.859154,-35.239847,-15.961277
-39.246168,-35.239847,-14.446139
-37.633182,-35.239847,-12.989088
-36.020196,-35.239847,-11.668119
-34.40721,-35.239847,-10.432876
-32.794224,-35.239847,-9.268358
-31.181238,-35.239847,-8.211035
-29.568251,-35.239847,-7.217126
-27.955265,-35.239847,-6.302532
-26.342279,-35.239847,-5.454103
-24.729293,-35.239847,-4.6415
-23.116307,-35.239847,-3.878095
-21.503321,-35.239847,-3.169003
-19.890335,-35.239847,-2.536146
-18.277349,-35.239847,-1.993587
-16.664363,-35.239847,-1.457551
-15.051377,-35.239847,-0.916933
-13.438391,-35.239847,-0.527758
-11.825405,-35.239847,-0.215476
-10.212419,-35.239847,0.132575
-8.599433,-35.239847,0.494869
-6.986447,-35.239847,0.816325
-5.373461,-35.239847,1.054374
-3.760475,-35.239847,1.204103
-2.147489,-35.239847,1.304713
-0.534503,-35.239847,1.39363
1.078483,-35.239847,1.4744
2.691469,-35.239847,1.524144
4.304455,-35.239847,1.502616
5.917441,-35.239847,1.420483
7.530427,-35.239847,1.304878
9.143413,-35.239847,1.149645
10.756399,-35.239847,0.942176
12.369385,-35.239847,0.689579
13.982371,-35.239847,0.401053
15.595357,-35.239847,0.070109
17.208343,-35.239847,-0.307405
18.821329,-35.239847,-0.735322
20.434315,-35.239847,-1.223187
22.047301,-35.239847,-1.761812
23.660287,-35.239847,-2.345979
25.273273,-35.239847,-2.972844
26.886259,-35.239847,-3.655584
28.499246,-35.239847,-4.395961
30.112232,-35.239847,-5.194237
31.725218,-35.239847,-6.048801
33.338204,-35.239847,-6.955543
34.95119,-35.239847,-7.945413
36.564176,-35.239847,-8.988206
-42.47214,-36.852833,-17.684878
-40.859154,-36.852833,-16.060056
-39.246168,-36.852833,-14.567921
-37.633182,-36.852833,-13.108455
-36.020196,-36.852833,-11.782245
-34.40721,-36.852833,-10.543822
-32.794224,-36.852833,-9.373822
-31.181238,-36.852833,-8.320622
-29.568251,-36.852833,-7.331086
-27.955265,-36.852833,-6.415975
-26.342279,-36.852833,-5.565292
-24.729293,-36.852833,-4.754276
-23.116307,-36.852833,-4.000724
-21.503321,-36.852833,-3.296514
-19.890335,-36.852833,-2.651883
-18.277349,-36.852833,-2.095007
-16.664363,-36.852833,-1.562326
-15.051377,-36.852833,-1.027383
-13.438391,-36.852833,-0.636259
-11.825405,-36.852833,-0.324774
-10.212419,-36.852833,0.026621
-8.599433,-36.852833,0.393336
-6.986447,-36.852833,0.716987
-5.373461,-36.852833,0.950712
-3.760475,-36.852833,1.088662
-2.147489,-36.852833,1.185648
-0.534503,-36.852833,1.290094
1.078483,-36.852833,1.379802
2.691469,-36.852833,1.420125
4.304455,-36.852833,1.391839
5.917441,-36.852833,1.302524
7.530427,-36.852833,1.180907
9.143413,-36.852833,1.027735
10.756399,-36.852833,0.828769
12.369385,-36.852833,0.586476
13.982371,-36.852833,0.294482
15.595357,-36.852833,-0.048078
17.208343,-36.852833,-0.435053
18.821329,-36.852833,-0.856797
20.434315,-36.852833,-1.334475
22.047301,-36.852833,-1.871022
23.660287,-36.852833,-2.463785
25.273273,-36.852833,-3.096419
26.886259,-36.852833,-3.778466
28.499246,-36.852833,-4.512617
30.112232,-36.852833,-5.311449
31.725218,-36.852833,-6.169633
33.338204,-36.852833,-7.081071
34.95119,-36.852833,-8.068502
36.564176,-36.852833,-9.114292
-42.47214,-38.465819,-17.78403
-40.859154,-38.465819,-16.157561
-39.246168,-38.465819,-14.673903
-37.633182,-38.465819,-13.228551
-36.020196,-38.465819,-11.900127
-34.40721,-38.465819,-10.655787
-32.794224,-38.465819,-9.485484
-31.181238,-38.465819,-8.43868
-29.568251,-38.465819,-7.451259
-27.955265,-38.465819,-6.528688
-26.342279,-38.465819,-5.670809
-24.729293,-38.465819,-4.863984
-23.116307,-38.465819,-4.12108
-21.503321,-38.465819,-3.420775
-19.890335,-38.465819,-2.768871
-18.277349,-38.465819,-2.204651
-16.664363,-38.465819,-1.680895
-15.051377,-38.465819,-1.15842
-13.438391,-38.465819,-0.764002
-11.825405,-38.465819,-0.446257
-10.212419,-38.465819,-0.084423
-8.599433,-38.465819,0.288445
-6.986447,-38.465819,0.612359
-5.373461,-38.465819,0.843536
-3.760475,-38.465819,0.97444
-2.147489,-38.465819,1.065078
-0.534503,-38.465819,1.17461
1.078483,-38.465819,1.270095
2.691469,-38.465819,1.311024
4.304455,-38.465819,1.284773
5.917441,-38.465819,1.193406
7.530427,-38.465819,1.063819
9.143413,-38.465819,0.905395
10.756399,-38.465819,0.709238
12.369385,-38.465819,0.477893
13.982371,-38.465819,0.1878
15.595357,-38.465819,-0.16253
17.208343,-38.465819,-0.561559
18.821329,-38.465819,-0.9842
20.434315,-38.465819,-1.454811
22.047301,-38.465819,-1.985867
23.660287,-38.465819,-2.581974
25.273273,-38.465819,-3.222805
26.886259,-38.465819,-3.909559
28.499246,-38.465819,-4.641236
30.112232,-38.465819,-5.433545
31.725218,-38.465819,-6.285764
33.338204,-38.465819,-7.19724
34.95119,-38.465819,-8.186769
36.564176,-38.465819,-9.246528
-40.859154,-40.078805,-16.26258
-39.246168,-40.078805,-14.770792
-37.633182,-40.078805,-13.343168
-36.020196,-40.078805,-12.011321
-34.40721,-40.078805,-10.762707
-32.794224,-40.078805,-9.597477
-31.181238,-40.078805,-8.550762
-29.568251,-40.078805,-7.561013
-27.955265,-40.078805,-6.633462
-26.342279,-40.078805,-5.773106
-24.729293,-40.078805,-4.970096
-23.116307,-40.078805,-4.230691
-21.503321,-40.078805,-3.530743
-19.890335,-40.078805,-2.876237
-18.277349,-40.078805,-2.310189
-16.664363,-40.078805,-1.799745
-15.051377,-40.078805,-1.286193
-13.438391,-40.078805,-0.880414
-11.825405,-40.078805,-0.560063
-10.212419,-40.078805,-0.19887
-8.599433,-40.078805,0.177308
-6.986447,-40.078805,0.499729
-5.373461,-40.078805,0.72682
-3.760475,-40.078805,0.859236
-2.147489,-40.078805,0.956156
-0.534503,-40.078805,1.064478
1.078483,-40.078805,1.150506
2.691469,-40.078805,1.191585
4.304455,-40.078805,1.167653
5.917441,-40.078805,1.076853
7.530427,-40.078805,0.942582
9.143413,-40.078805,0.778504
10.756399,-40.078805,0.579567
12.369385,-40.078805,0.350511
13.982371,-40.078805,0.067756
15.595357,-40.078805,-0.277262
17.208343,-40.078805,-0.678833
18.821329,-40.078805,-1.110644
20.434315,-40.078805,-1.581385
22.047301,-40.078805,-2.104232
23.660287,-40.078805,-2.689903
25.273273,-40.078805,-3.333525
26.886259,-40.078805,-4.028786
28.499246,-40.078805,-4.769542
30.112232,-40.078805,-5.562869
31.725218,-40.078805,-6.41102
33.338204,-40.078805,-7.320274
34.95119,-40.078805,-8.306708
36.564176,-40.078805,-9.381289
-40.859154,-41.691791,-16.379545
-39.246168,-41.691791,-14.879228
-37.633182,-41.691791,-13.447924
-36.020196,-41.691791,-12.110479
-34.40721,-41.691791,-10.868377
-32.794224,-41.691791,-9.709102
-31.181238,-41.691791,-8.652216
-29.568251,-41.691791,-7.658456
-27.955265,-41.691791,-6.731412
-26.342279,-41.691791,-5.877959
-24.729293,-41.691791,-5.080941
-23.116307,-41.691791,-4.339032
-21.503321,-41.691791,-3.639021
-19.890335,-41.691791,-2.985425
-18.277349,-41.691791,-2.41295
-16.664363,-41.691791,-1.906806
-15.051377,-41.691791,-1.395365
-13.438391,-41.691791,-0.976031
-11.825405,-41.691791,-0.660942
-10.212419,-41.691791,-0.316022
-8.599433,-41.691791,0.059029
-6.986447,-41.691791,0.383567
-5.373461,-41.691791,0.60943
-3.760475,-41.691791,0.744391
-2.147489,-41.691791,0.856659
-0.534503,-41.691791,0.970358
1.078483,-41.691791,1.044466
2.691469,-41.691791,1.081056
4.304455,-41.691791,1.052383
5.917441,-41.691791,0.959144
7.530427,-41.691791,0.824368
9.143413,-41.691791,0.661518
10.756399,-41.691791,0.459283
12.369385,-41.691791,0.221343
13.982371,-41.691791,-0.061394
15.595357,-41.691791,-0.399093
17.208343,-41.691791,-0.794607
18.821329,-41.691791,-1.233757
20.434315,-41.691791,-1.713287
22.047301,-41.691791,-2.237155
23.660287,-41.691791,-2.81139
25.273273,-41.691791,-3.44567
26.886259,-41.691791,-4.137765
28.499246,-41.691791,-4.884812
30.112232,-41.691791,-5.681754
31.725218,-41.691791,-6.529636
33.338204,-41.691791,-7.438185
34.95119,-41.691791,-8.420886
36.564176,-41.691791,-9.511071
-42.47214,-43.304777,-18.147667
-40.859154,-43.304777,-16.517615
-39.246168,-43.304777,-14.994637
-37.633182,-43.304777,-13.544944
-36.020196,-43.304777,-12.206526
-34.40721,-43.304777,-10.978363
-32.794224,-43.304777,-9.820968
-31.181238,-43.304777,-8.753355
-29.568251,-43.304777,-7.760536
-27.955265,-43.304777,-6.831884
-26.342279,-43.304777,-5.986277
-24.729293,-43.304777,-5.195699
-23.116307,-43.304777,-4.447273
-21.503321,-43.304777,-3.746174
-19.890335,-43.304777,-3.096433
-18.277349,-43.304777,-2.518996
-16.664363,-43.304777,-2.011448
-15.051377,-43.304777,-1.504578
-13.438391,-43.304777,-1.080389
-11.825405,-43.304777,-0.769297
-10.212419,-43.304777,-0.43526
-8.599433,-43.304777,-0.059885
-6.986447,-43.304777,0.265193
-5.373461,-43.304777,0.492148
-3.760475,-43.304777,0.627709
-2.147489,-43.304777,0.749556
-0.534503,-43.304777,0.871237
1.078483,-43.304777,0.943198
2.691469,-43.304777,0.977847
4.304455,-43.304777,0.945016
5.917441,-43.304777,0.849409
7.530427,-43.304777,0.71527
9.143413,-43.304777,0.555792
10.756399,-43.304777,0.350215
12.369385,-43.304777,0.100404
13.982371,-43.304777,-0.188902
15.595357,-43.304777,-0.523515
17.208343,-43.304777,-0.910555
18.821329,-43.304777,-1.35285
20.434315,-43.304777,-1.842461
22.047301,-43.304777,-2.374827
23.660287,-43.304777,-2.945358
25.273273,-43.304777,-3.568513
26.886259,-43.304777,-4.24889
28.499246,-43.304777,-4.992217
30.112232,-43.304777,-5.788058
31.725218,-43.304777,-6.635183
33.338204,-43.304777,-7.580525
34.95119,-43.304777,-8.532161
36.564176,-43.304777,-9.634877
38.177162,-43.304777,-10.734928
-42.47214,-44.917763,-18.260134
-40.859154,-44.917763,-16.632978
-39.246168,-44.917763,-15.111496
-37.633182,-44.917763,-13.665735
-36.020196,-44.917763,-12.325258
-34.40721,-44.917763,-11.099604
-32.794224,-44.917763,-9.945087
-31.181238,-44.917763,-8.885447
-29.568251,-44.917763,-7.901748
-27.955265,-44.917763,-6.968007
-26.342279,-44.917763,-6.111541
-24.729293,-44.917763,-5.314527
-23.116307,-44.917763,-4.562139
-21.503321,-44.917763,-3.865383
-19.890335,-44.917763,-3.223526
-18.277349,-44.917763,-2.643741
-16.664363,-44.917763,-2.129565
-15.051377,-44.917763,-1.637793
-13.438391,-44.917763,-1.221037
-11.825405,-44.917763,-0.899307
-10.212419,-44.917763,-0.562032
-8.599433,-44.917763,-0.188447
-6.986447,-44.917763,0.134206
-5.373461,-44.917763,0.365682
-3.760475,-44.917763,0.509169
-2.147489,-44.917763,0.627892
-0.534503,-44.917763,0.74533
1.078483,-44.917763,0.80976
2.691469,-44.917763,0.836932
4.304455,-44.917763,0.802697
5.917441,-44.917763,0.712644
7.530427,-44.917763,0.584219
9.143413,-44.917763,0.430611
10.756399,-44.917763,0.223582
12.369385,-44.917763,-0.034631
13.982371,-44.917763,-0.329188
15.595357,-44.917763,-0.660252
17.208343,-44.917763,-1.035513
18.821329,-44.917763,-1.484098
20.434315,-44.917763,-1.976237
22.047301,-44.917763,-2.503444
23.660287,-44.917763,-3.075409
25.273273,-44.917763,-3.697627
26.886259,-44.917763,-4.381145
28.499246,-44.917763,-5.143103
30.112232,-44.917763,-5.941966
31.725218,-44.917763,-6.788984
33.338204,-44.917763,-7.719096
34.95119,-44.917763,-8.677861
20.434315,-46.530749,-2.102893
22.047301,-46.530749,-2.629808
23.660287,-46.530749,-3.222984
25.273273,-46.530749,-3.860264
26.886259,-46.530749,-4.533875
28.499246,-46.530749,-5.312748
